                                       4   10000000    35502230565
 c neutron_Atomtex  energy=0.005 angle=0 He3+Ar 8+2 atm                         
ntal     8
    1    2    4    6   11   12   16   22
tally    1    1    0
f        1
      8
d        1
u        0
s        0
m        0
c        0
e        0
t        0
vals
  0.00000E+00 0.0000
tfc   20       1       1       1       1       1       1       1       1
     512000  0.00000E+00  0.00000E+00
    1024000  0.00000E+00  0.00000E+00
    1536000  0.00000E+00  0.00000E+00
    2048000  0.00000E+00  0.00000E+00
    2560000  0.00000E+00  0.00000E+00
    3072000  0.00000E+00  0.00000E+00
    3584000  0.00000E+00  0.00000E+00
    4096000  0.00000E+00  0.00000E+00
    4608000  0.00000E+00  0.00000E+00
    5120000  0.00000E+00  0.00000E+00
    5632000  0.00000E+00  0.00000E+00
    6144000  0.00000E+00  0.00000E+00
    6656000  0.00000E+00  0.00000E+00
    7168000  0.00000E+00  0.00000E+00
    7680000  0.00000E+00  0.00000E+00
    8192000  0.00000E+00  0.00000E+00
    8704000  0.00000E+00  0.00000E+00
    9216000  0.00000E+00  0.00000E+00
    9728000  0.00000E+00  0.00000E+00
   10000000  0.00000E+00  0.00000E+00
tally    2    1    0
f        1
     22
d        1
u        0
s        0
m        0
c        0
et      27
  0.00000E+00  1.00000E-06  1.00000E-04  1.00000E-03  1.00000E-02  1.00000E-01
  5.95000E-01  1.09000E+00  1.58500E+00  2.08000E+00  2.57500E+00  3.07000E+00
  3.56500E+00  4.06000E+00  4.55500E+00  5.05000E+00  5.54500E+00  6.04000E+00
  6.53500E+00  7.03000E+00  7.52500E+00  8.02000E+00  8.51500E+00  9.01000E+00
  9.50500E+00  1.00000E+01
t        0
vals
  0.00000E+00 0.0000  2.72765E-05 0.0206  5.78299E-06 0.0530  4.09164E-06 0.0633
  8.94172E-06 0.0451  1.41543E-04 0.0100  1.53756E-03 0.0030  1.81715E-03 0.0028
  1.70600E-03 0.0028  1.46706E-03 0.0030  1.21790E-03 0.0033  9.79378E-04 0.0037
  7.72035E-04 0.0042  5.85595E-04 0.0048  4.46429E-04 0.0055  3.36455E-04 0.0063
  2.51388E-04 0.0074  1.86583E-04 0.0086  1.38724E-04 0.0101  1.00004E-04 0.0113
  7.35476E-05 0.0139  5.13520E-05 0.0158  3.69742E-05 0.0187  2.65459E-05 0.0233
  1.95015E-05 0.0271  1.40063E-05 0.0310  1.19518E-02 0.0010
tfc   20       1       1       1       1       1       1      27       1
     512000  1.19488E-02  4.60546E-03
    1024000  1.19638E-02  3.26339E-03
    1536000  1.19499E-02  2.66715E-03
    2048000  1.19488E-02  2.31156E-03
    2560000  1.19413E-02  2.06437E-03
    3072000  1.19556E-02  1.88624E-03
    3584000  1.19633E-02  1.74546E-03
    4096000  1.19583E-02  1.63194E-03
    4608000  1.19636E-02  1.53781E-03
    5120000  1.19558E-02  1.45872E-03
    5632000  1.19573E-02  1.39101E-03
    6144000  1.19578E-02  1.33246E-03
    6656000  1.19576E-02  1.28030E-03
    7168000  1.19584E-02  1.23494E-03
    7680000  1.19625E-02  1.19398E-03
    8192000  1.19580E-02  1.15589E-03
    8704000  1.19487E-02  1.12102E-03
    9216000  1.19490E-02  1.08982E-03
    9728000  1.19497E-02  1.06071E-03
   10000000  1.19518E-02  1.04616E-03
tally    4    1    0
f        1
      3
d        1
u        0
s        0
m        1
c        0
et       3
  0.00000E+00  2.00000E+01
t        0
vals
  0.00000E+00 0.0000  1.20736E-08 0.4531  1.20736E-08 0.4531
tfc   20       1       1       1       1       1       1       3       1
     512000  0.00000E+00  0.00000E+00
    1024000  0.00000E+00  0.00000E+00
    1536000  1.85888E-08  7.11653E-01
    2048000  1.49404E-08  6.67434E-01
    2560000  1.19523E-08  6.67434E-01
    3072000  9.96025E-09  6.67434E-01
    3584000  8.53736E-09  6.67434E-01
    4096000  1.20971E-08  5.62283E-01
    4608000  1.07530E-08  5.62283E-01
    5120000  1.21830E-08  4.91719E-01
    5632000  1.10755E-08  4.91720E-01
    6144000  1.24584E-08  4.41389E-01
    6656000  1.15000E-08  4.41389E-01
    7168000  1.66788E-08  4.57474E-01
    7680000  1.57208E-08  4.53101E-01
    8192000  1.47382E-08  4.53101E-01
    8704000  1.38713E-08  4.53101E-01
    9216000  1.31007E-08  4.53101E-01
    9728000  1.24111E-08  4.53101E-01
   10000000  1.20736E-08  4.53101E-01
tally    6    1    0
f        1
      8
d        1
u        0
s        0
m        0
c        0
e        0
t        0
vals
  1.05691E-08 0.0020
tfc   20       1       1       1       1       1       1       1       1
     512000  1.04937E-08  8.90788E-03
    1024000  1.05749E-08  6.31442E-03
    1536000  1.05310E-08  5.11901E-03
    2048000  1.05734E-08  4.42413E-03
    2560000  1.05963E-08  3.92633E-03
    3072000  1.05984E-08  3.57979E-03
    3584000  1.06021E-08  3.30022E-03
    4096000  1.06006E-08  3.08090E-03
    4608000  1.05949E-08  2.89796E-03
    5120000  1.05865E-08  2.74956E-03
    5632000  1.05823E-08  2.62309E-03
    6144000  1.05724E-08  2.50770E-03
    6656000  1.05767E-08  2.40797E-03
    7168000  1.05671E-08  2.31879E-03
    7680000  1.05720E-08  2.23825E-03
    8192000  1.05733E-08  2.16325E-03
    8704000  1.05662E-08  2.09832E-03
    9216000  1.05592E-08  2.03940E-03
    9728000  1.05655E-08  1.98726E-03
   10000000  1.05691E-08  1.95992E-03
tally   11    1    0
f        1
      3
d        1
u        0
s        0
m        0
c        0
e        0
t        0
vals
  0.00000E+00 0.0000
tfc   20       1       1       1       1       1       1       1       1
     512000  0.00000E+00  0.00000E+00
    1024000  0.00000E+00  0.00000E+00
    1536000  0.00000E+00  0.00000E+00
    2048000  0.00000E+00  0.00000E+00
    2560000  0.00000E+00  0.00000E+00
    3072000  0.00000E+00  0.00000E+00
    3584000  0.00000E+00  0.00000E+00
    4096000  0.00000E+00  0.00000E+00
    4608000  0.00000E+00  0.00000E+00
    5120000  0.00000E+00  0.00000E+00
    5632000  0.00000E+00  0.00000E+00
    6144000  0.00000E+00  0.00000E+00
    6656000  0.00000E+00  0.00000E+00
    7168000  0.00000E+00  0.00000E+00
    7680000  0.00000E+00  0.00000E+00
    8192000  0.00000E+00  0.00000E+00
    8704000  0.00000E+00  0.00000E+00
    9216000  0.00000E+00  0.00000E+00
    9728000  0.00000E+00  0.00000E+00
   10000000  0.00000E+00  0.00000E+00
tally   12    1    0
f        1
     17
d        1
u        0
s        0
m        0
c        0
et      27
  0.00000E+00  1.00000E-06  1.00000E-04  1.00000E-03  1.00000E-02  1.00000E-01
  5.95000E-01  1.09000E+00  1.58500E+00  2.08000E+00  2.57500E+00  3.07000E+00
  3.56500E+00  4.06000E+00  4.55500E+00  5.05000E+00  5.54500E+00  6.04000E+00
  6.53500E+00  7.03000E+00  7.52500E+00  8.02000E+00  8.51500E+00  9.01000E+00
  9.50500E+00  1.00000E+01
t        0
vals
  0.00000E+00 0.0000  3.17215E-05 0.0098  6.34097E-06 0.0254  4.35166E-06 0.0317
  6.06776E-06 0.0259  1.19691E-05 0.0159  4.34335E-05 0.0061  4.45216E-05 0.0057
  3.62609E-05 0.0056  2.92135E-05 0.0060  2.42200E-05 0.0067  1.96602E-05 0.0076
  1.47468E-05 0.0082  1.10272E-05 0.0093  8.32251E-06 0.0110  6.29441E-06 0.0124
  4.53777E-06 0.0146  3.39441E-06 0.0163  2.49633E-06 0.0191  1.80612E-06 0.0229
  1.28545E-06 0.0265  9.85297E-07 0.0303  7.20404E-07 0.0360  4.86735E-07 0.0429
  3.69478E-07 0.0491  2.53800E-07 0.0593  3.14487E-04 0.0023
tfc   20       1       1       1       1       1       1      27       1
     512000  3.08287E-04  1.00377E-02
    1024000  3.11419E-04  7.18841E-03
    1536000  3.13145E-04  5.77579E-03
    2048000  3.12301E-04  5.05466E-03
    2560000  3.13010E-04  4.54006E-03
    3072000  3.13549E-04  4.12456E-03
    3584000  3.14471E-04  3.83627E-03
    4096000  3.14657E-04  3.57171E-03
    4608000  3.15279E-04  3.36883E-03
    5120000  3.15035E-04  3.18868E-03
    5632000  3.15565E-04  3.05020E-03
    6144000  3.15519E-04  2.92185E-03
    6656000  3.15552E-04  2.81087E-03
    7168000  3.15067E-04  2.70656E-03
    7680000  3.14733E-04  2.61509E-03
    8192000  3.14629E-04  2.54089E-03
    8704000  3.14563E-04  2.46508E-03
    9216000  3.14494E-04  2.39641E-03
    9728000  3.14418E-04  2.32766E-03
   10000000  3.14487E-04  2.29443E-03
tally   16    1    0
f        1
      3
d        1
u        0
s        0
m        0
c        0
e        0
t        0
vals
  2.19553E-06 0.4531
tfc   20       1       1       1       1       1       1       1       1
     512000  0.00000E+00  0.00000E+00
    1024000  0.00000E+00  0.00000E+00
    1536000  3.38029E-06  7.11653E-01
    2048000  2.71684E-06  6.67434E-01
    2560000  2.17347E-06  6.67434E-01
    3072000  1.81123E-06  6.67434E-01
    3584000  1.55248E-06  6.67434E-01
    4096000  2.19981E-06  5.62283E-01
    4608000  1.95538E-06  5.62283E-01
    5120000  2.21543E-06  4.91719E-01
    5632000  2.01403E-06  4.91720E-01
    6144000  2.26550E-06  4.41389E-01
    6656000  2.09123E-06  4.41389E-01
    7168000  3.03297E-06  4.57474E-01
    7680000  2.85876E-06  4.53101E-01
    8192000  2.68009E-06  4.53101E-01
    8704000  2.52243E-06  4.53101E-01
    9216000  2.38230E-06  4.53101E-01
    9728000  2.25691E-06  4.53101E-01
   10000000  2.19553E-06  4.53101E-01
tally   22    1    0
f        1
     24
d        1
u        0
s        0
m        0
c        0
et      27
  0.00000E+00  1.00000E-06  1.00000E-04  1.00000E-03  1.00000E-02  1.00000E-01
  5.95000E-01  1.09000E+00  1.58500E+00  2.08000E+00  2.57500E+00  3.07000E+00
  3.56500E+00  4.06000E+00  4.55500E+00  5.05000E+00  5.54500E+00  6.04000E+00
  6.53500E+00  7.03000E+00  7.52500E+00  8.02000E+00  8.51500E+00  9.01000E+00
  9.50500E+00  1.00000E+01
t        0
vals
  0.00000E+00 0.0000  1.38170E-04 0.0019  1.13804E-05 0.0060  5.40399E-06 0.0081
  5.36185E-06 0.0083  6.04369E-06 0.0078  8.32115E-06 0.0060  4.54589E-06 0.0066
  3.36982E-06 0.0069  2.55911E-06 0.0072  2.31097E-06 0.0076  1.83927E-06 0.0084
  1.30657E-06 0.0097  9.22986E-07 0.0104  7.54813E-07 0.0118  6.10845E-07 0.0122
  4.59003E-07 0.0169  3.22596E-07 0.0163  2.58997E-07 0.0179  1.90829E-07 0.0237
  1.26256E-07 0.0244  1.02259E-07 0.0278  6.95190E-08 0.0325  4.71331E-08 0.0392
  3.55455E-08 0.0451  2.56110E-08 0.0528  1.94539E-04 0.0016
tfc   20       1       1       1       1       1       1      27       1
     512000  1.93880E-04  7.08216E-03
    1024000  1.95149E-04  4.99231E-03
    1536000  1.95189E-04  4.07589E-03
    2048000  1.95038E-04  3.54001E-03
    2560000  1.94795E-04  3.16819E-03
    3072000  1.94648E-04  2.88866E-03
    3584000  1.94385E-04  2.67357E-03
    4096000  1.94374E-04  2.49890E-03
    4608000  1.94392E-04  2.35540E-03
    5120000  1.94359E-04  2.23245E-03
    5632000  1.94315E-04  2.12688E-03
    6144000  1.94311E-04  2.03672E-03
    6656000  1.94478E-04  1.95785E-03
    7168000  1.94342E-04  1.88676E-03
    7680000  1.94398E-04  1.82307E-03
    8192000  1.94520E-04  1.76413E-03
    8704000  1.94558E-04  1.71271E-03
    9216000  1.94617E-04  1.66470E-03
    9728000  1.94565E-04  1.61963E-03
   10000000  1.94539E-04  1.59684E-03
