0
0
0
0
3
1
3
4
6
8
9
13
17
18
19
25
29
33
40
46
75
113
151
177
241
299
402
538
665
861
1102
1366
1605
1787
1977
2052
2141
2285
2375
2387
2531
2506
2560
2664
2963
2801
2902
2908
2912
2935
3085
3110
3147
3184
3227
3348
3345
3374
3393
3432
3533
3709
3748
3565
3695
3639
3544
3573
3509
3409
3375
3176
2960
2905
2742
2560
2524
2355
2368
2456
2312
2245
2235
2142
2130
2166
2192
2060
2158
2120
2115
2128
2219
2193
2194
2248
2497
2552
2658
3020
3261
3633
4084
4593
5230
6264
7168
8440
10004
11489
12983
13765
14883
14890
14893
13140
11392
9870
8166
6319
5158
4024
3300
2768
2477
2094
1951
1824
1716
1803
1694
1655
1716
1655
1573
1503
1491
1499
1484
1380
1456
1401
1349
1416
1416
1316
1352
1346
1323
1421
1416
1351
1278
1295
1324
1284
1292
1306
1322
1293
1305
1308
1293
1292
1258
1239
1254
1232
1353
1192
1217
1251
1252
1261
1231
1278
1227
1213
1140
1185
1191
1233
1187
1177
1252
1212
1263
1279
1174
1211
1194
1144
1217
1216
1152
1173
1188
1108
1124
1171
1172
1153
1169
1152
1151
1254
1132
1135
1148
1178
1158
1141
1160
1197
1251
1187
1193
1218
1226
1136
1114
1199
1174
1143
1239
1167
1197
1159
1071
1094
1139
1071
1053
1023
985
887
851
807
745
726
679
640
633
619
591
559
489
471
453
451
439
449
402
408
408
387
358
357
354
348
361
359
354
363
353
351
329
356
390
398
417
424
448
491
544
609
724
739
844
925
1040
998
1272
1429
1459
1498
1538
1570
1616
1533
1494
1410
1328
1218
1049
916
756
710
650
568
494
421
363
288
273
237
215
202
172
163
171
173
149
142
137
144
113
113
135
114
134
116
119
109
111
107
111
104
102
105
116
107
101
107
108
109
99
100
93
98
105
98
70
83
84
97
85
79
84
80
72
84
78
81
64
71
76
62
51
58
63
62
52
51
49
36
40
40
45
43
39
32
24
33
36
26
25
25
30
24
32
26
20
24
17
23
23
22
26
23
32
28
37
25
35
37
49
38
46
41
52
45
53
60
55
61
69
79
71
71
70
60
52
49
39
47
42
43
33
31
27
19
22
15
14
20
14
16
10
11
9
9
8
6
10
6
6
7
11
9
7
7
5
5
7
5
6
8
6
4
8
4
5
6
8
6
5
6
5
6
7
3
8
9
6
9
8
4
7
9
2
9
8
8
7
7
14
15
16
11
12
20
60
120
103
44
30
11
7
3
2
1
2
0
0
1
0
1
0
0
0
0
0
0
0
0
0
0
0
0
0
0
