0
0
0
0
2
2
1
3
0
1
2
1
5
3
2
6
2
4
3
6
7
12
13
14
21
22
21
32
40
47
56
68
77
93
71
72
66
66
81
70
63
67
74
79
60
51
51
49
50
47
52
51
40
33
35
31
39
35
27
26
28
32
31
27
34
24
16
11
19
19
29
17
18
17
12
21
17
12
20
18
13
11
16
11
7
12
13
13
6
7
10
6
8
14
8
7
12
7
3
2
7
6
8
8
6
4
4
7
9
10
6
4
7
3
4
3
6
7
4
5
5
4
6
3
4
6
7
5
4
5
3
5
6
4
9
5
7
7
3
5
3
1
2
4
2
3
3
6
3
5
2
4
3
0
3
3
1
3
2
3
4
5
4
0
3
5
1
2
3
2
2
1
0
2
3
3
2
1
1
5
5
3
2
3
6
2
1
2
2
2
1
2
2
3
1
1
0
1
4
2
2
2
0
2
0
1
2
3
1
2
3
1
2
4
1
1
1
1
2
2
2
1
0
3
3
2
0
1
0
1
2
1
0
2
0
2
2
2
2
0
3
3
2
1
0
2
1
1
0
1
1
0
0
0
1
0
1
1
0
1
1
0
3
1
3
3
5
1
0
1
0
2
4
1
1
1
1
0
0
1
3
1
1
1
0
1
0
1
0
0
0
1
0
0
1
0
0
1
0
1
0
1
1
0
1
1
0
0
0
0
2
1
1
0
0
1
1
1
1
1
0
1
2
1
1
1
2
0
1
2
2
1
1
1
2
0
0
1
0
0
0
0
1
1
0
0
1
2
0
0
1
0
0
0
0
0
0
1
0
0
0
0
0
0
1
1
1
0
0
0
0
0
0
0
0
0
0
0
0
0
0
0
0
0
0
0
0
0
0
0
0
0
1
0
0
1
1
0
0
0
0
0
0
0
0
0
0
0
0
0
0
0
0
1
0
1
1
0
0
0
0
0
0
0
0
0
1
1
0
1
0
0
0
1
0
0
0
0
0
1
0
0
0
0
0
0
0
0
1
0
0
0
0
0
0
0
0
0
0
0
0
0
0
0
0
1
1
0
0
0
0
0
1
0
0
0
0
0
1
0
0
3
5
15
3
0
0
0
0
0
0
0
0
0
0
0
0
0
0
0
0
0
0
0
0
0
0
0
0
0
0
0
