0
0
0
0
2
2
1
3
0
1
2
1
3
3
2
6
2
3
2
5
7
12
13
12
17
19
18
28
38
40
48
63
69
81
66
69
62
58
72
66
57
58
67
74
58
47
49
45
46
45
48
48
39
29
33
30
34
32
24
23
27
31
26
20
31
22
15
10
17
17
25
16
16
15
11
19
17
11
19
16
13
11
16
10
6
12
13
13
6
6
9
6
8
14
8
6
12
7
2
2
6
5
7
8
4
4
4
7
9
10
4
4
6
3
4
3
6
6
3
5
5
4
6
3
3
6
7
5
4
5
3
5
6
4
9
5
7
7
3
3
3
1
2
3
2
3
2
5
2
4
2
3
3
0
3
2
0
3
2
3
4
3
4
0
3
5
1
1
2
2
2
1
0
2
2
3
2
1
1
5
4
3
2
3
5
2
1
2
2
2
1
2
2
3
1
1
0
1
4
2
2
2
0
2
0
1
2
2
1
2
2
0
2
3
1
1
1
1
2
2
1
1
0
3
3
2
0
1
0
1
2
1
0
2
0
1
2
2
1
0
3
3
1
1
0
2
1
1
0
1
1
0
0
0
0
0
1
1
0
1
1
0
3
1
3
2
5
1
0
1
0
1
4
1
1
1
1
0
0
1
3
1
1
1
0
1
0
1
0
0
0
1
0
0
0
0
0
1
0
1
0
1
1
0
1
0
0
0
0
0
2
1
1
0
0
1
1
1
1
1
0
1
2
1
1
1
1
0
1
2
2
1
1
1
2
0
0
1
0
0
0
0
1
1
0
0
1
2
0
0
1
0
0
0
0
0
0
1
0
0
0
0
0
0
1
1
1
0
0
0
0
0
0
0
0
0
0
0
0
0
0
0
0
0
0
0
0
0
0
0
0
0
1
0
0
1
1
0
0
0
0
0
0
0
0
0
0
0
0
0
0
0
0
1
0
0
1
0
0
0
0
0
0
0
0
0
1
1
0
1
0
0
0
1
0
0
0
0
0
1
0
0
0
0
0
0
0
0
1
0
0
0
0
0
0
0
0
0
0
0
0
0
0
0
0
1
1
0
0
0
0
0
1
0
0
0
0
0
1
0
0
3
3
15
2
0
0
0
0
0
0
0
0
0
0
0
0
0
0
0
0
0
0
0
0
0
0
0
0
0
0
0
