                                       2    10000000      389997586
 c -----------Cells                                                             
ntal     2
    2   12
tally    2    1    0
f        2
      1      1
d        1
u        0
s        0
m        0
c        0
et       7
  1.00000E-08  1.00000E-07  1.00000E-06  1.00000E-03  1.00000E+00  1.00000E+01
t        0
vals
  9.25365E-07 0.0602  1.46102E-05 0.0154  1.81245E-05 0.0138  2.04642E-04 0.0041
  2.71228E-03 0.0011  3.14638E-03 0.0009  6.09696E-03 0.0007  9.25365E-07 0.0602
  1.46102E-05 0.0154  1.81245E-05 0.0138  2.04642E-04 0.0041  2.71228E-03 0.0011
  3.14638E-03 0.0009  6.09696E-03 0.0007
tfc   20       1       1       1       1       1       1       7       1
     512000  6.12186E-03  3.12296E-03
    1024000  6.10283E-03  2.21451E-03
    1536000  6.10567E-03  1.80398E-03
    2048000  6.09852E-03  1.55990E-03
    2560000  6.09187E-03  1.39793E-03
    3072000  6.09091E-03  1.27646E-03
    3584000  6.09503E-03  1.18248E-03
    4096000  6.09767E-03  1.10737E-03
    4608000  6.09287E-03  1.04319E-03
    5120000  6.09250E-03  9.90182E-04
    5632000  6.09441E-03  9.44034E-04
    6144000  6.09565E-03  9.03816E-04
    6656000  6.09650E-03  8.68514E-04
    7168000  6.09604E-03  8.36642E-04
    7680000  6.09515E-03  8.08706E-04
    8192000  6.09439E-03  7.83160E-04
    8704000  6.09450E-03  7.59704E-04
    9216000  6.09493E-03  7.38705E-04
    9728000  6.09704E-03  7.19449E-04
   10000000  6.09696E-03  7.09930E-04
tally   12    1    0
f        2
      0      0
d        1
u        0
s        0
m        0
c        0
et       7
  1.00000E-08  1.00000E-07  1.00000E-06  1.00000E-03  1.00000E+00  1.00000E+01
t        0
vals
  1.91925E-07 0.1116  3.93160E-06 0.0348  5.71311E-06 0.0245  7.79772E-05 0.0073
  2.18819E-03 0.0014  3.33114E-03 0.0012  5.60714E-03 0.0009  1.91925E-07 0.1116
  3.93160E-06 0.0348  5.71311E-06 0.0245  7.79772E-05 0.0073  2.18819E-03 0.0014
  3.33114E-03 0.0012  5.60714E-03 0.0009
tfc   20       1       1       1       1       1       1       7       1
     512000  5.61696E-03  3.88995E-03
    1024000  5.61169E-03  2.75631E-03
    1536000  5.60093E-03  2.24755E-03
    2048000  5.60170E-03  1.94675E-03
    2560000  5.60065E-03  1.74024E-03
    3072000  5.60402E-03  1.59049E-03
    3584000  5.60537E-03  1.47338E-03
    4096000  5.60350E-03  1.37842E-03
    4608000  5.60435E-03  1.29985E-03
    5120000  5.60241E-03  1.23285E-03
    5632000  5.60406E-03  1.17630E-03
    6144000  5.60335E-03  1.12553E-03
    6656000  5.60222E-03  1.08106E-03
    7168000  5.60169E-03  1.04189E-03
    7680000  5.60537E-03  1.00706E-03
    8192000  5.60535E-03  9.75087E-04
    8704000  5.60617E-03  9.46220E-04
    9216000  5.60793E-03  9.20095E-04
    9728000  5.60604E-03  8.95334E-04
   10000000  5.60714E-03  8.83315E-04
