t=0
0.4,0.448613,0.493844,0.534803,0.570634,0.600522,0.623705,0.63948,0.647214,0.646345,0.636396,0.616976,0.587785,0.548623,0.49939,0.440086,0.37082,0.291807,0.203365,0.10592,6.28552e-11,
t=0.00125
0.400374,0.448988,0.494222,0.535186,0.571023,0.600919,0.624112,0.639899,0.647647,0.646794,0.636863,0.617462,0.588293,0.549155,0.499947,0.44067,0.371434,0.292451,0.204042,0.106632,0.000749219,
t=0.0025
0.4,0.449361,0.494597,0.535565,0.571408,0.601311,0.624514,0.640314,0.648075,0.647238,0.637324,0.617943,0.588795,0.549681,0.500497,0.441248,0.372041,0.29309,0.204714,0.107339,0.003,
t=0.00375
0.4,0.449731,0.494969,0.535941,0.571789,0.6017,0.624912,0.640723,0.648497,0.647676,0.637779,0.618417,0.589291,0.5502,0.501042,0.44182,0.372643,0.293723,0.205381,0.108042,0.0045,
t=0.005
0.4,0.450099,0.495339,0.536313,0.572166,0.602084,0.625306,0.641127,0.648915,0.648108,0.638228,0.618886,0.589781,0.550713,0.50158,0.442386,0.373238,0.29435,0.206041,0.108741,0.006,
t=0.00625
0.4,0.450463,0.495706,0.536683,0.57254,0.602465,0.625694,0.641526,0.649326,0.648534,0.638672,0.619348,0.590264,0.551219,0.502112,0.442946,0.373827,0.294971,0.206696,0.109437,0.0075,
t=0.0075
0.4,0.450824,0.49607,0.537049,0.57291,0.602841,0.626078,0.641921,0.649733,0.648955,0.639109,0.619804,0.590741,0.551719,0.502638,0.443499,0.37441,0.295586,0.207346,0.110129,0.009,
t=0.00875
0.4,0.451182,0.496432,0.537412,0.573277,0.603213,0.626458,0.64231,0.650134,0.64937,0.639541,0.620254,0.591212,0.552213,0.503157,0.444046,0.374987,0.296195,0.20799,0.110819,0.0105,
t=0.01
0.4,0.451536,0.496791,0.537772,0.573639,0.60358,0.626833,0.642694,0.65053,0.64978,0.639966,0.620698,0.591677,0.552701,0.50367,0.444587,0.375558,0.296799,0.208628,0.111508,0.012,
t=0.01125
0.4,0.451886,0.497147,0.538128,0.573998,0.603944,0.627203,0.643073,0.65092,0.650184,0.640386,0.621136,0.592135,0.553182,0.504177,0.445121,0.376123,0.297396,0.209261,0.112194,0.0135,
t=0.0125
0.4,0.452232,0.497501,0.538482,0.574354,0.604303,0.627568,0.643447,0.651305,0.650582,0.6408,0.621568,0.592587,0.553658,0.504677,0.44565,0.376682,0.297988,0.209888,0.11288,0.015,
t=0.01375
0.4,0.452574,0.497852,0.538832,0.574705,0.604658,0.627929,0.643816,0.651684,0.650974,0.641207,0.621993,0.593033,0.554126,0.505172,0.446172,0.377235,0.298574,0.210509,0.113565,0.0165,
t=0.015
0.4,0.452911,0.4982,0.539179,0.575053,0.605009,0.628286,0.64418,0.652059,0.651361,0.641609,0.622413,0.593473,0.554589,0.50566,0.446688,0.377781,0.299154,0.211125,0.11425,0.018,
t=0.01625
0.4,0.453243,0.498546,0.539523,0.575397,0.605356,0.628637,0.644539,0.652428,0.651742,0.642005,0.622826,0.593907,0.555045,0.506141,0.447198,0.378322,0.299728,0.211736,0.114936,0.0195,
t=0.0175
0.4,0.45357,0.498889,0.539863,0.575738,0.605699,0.628985,0.644893,0.652791,0.652118,0.642396,0.623234,0.594334,0.555495,0.506617,0.447701,0.378856,0.300296,0.212341,0.115622,0.021,
t=0.01875
0.4,0.453892,0.499229,0.540201,0.576074,0.606037,0.629327,0.645243,0.653149,0.652488,0.64278,0.623635,0.594755,0.555939,0.507086,0.448198,0.379385,0.300858,0.21294,0.11631,0.0225,
t=0.02
0.4,0.454209,0.499566,0.540535,0.576408,0.606371,0.629665,0.645587,0.653502,0.652852,0.643158,0.62403,0.59517,0.556376,0.507549,0.44869,0.379907,0.301414,0.213534,0.116999,0.024,
t=0.02125
0.4,0.454521,0.499901,0.540866,0.576737,0.606701,0.629998,0.645926,0.653849,0.65321,0.643531,0.624419,0.595579,0.556808,0.508005,0.449175,0.380423,0.301965,0.214123,0.117691,0.0255,
t=0.0225
0.4,0.454826,0.500233,0.541194,0.577063,0.607027,0.630327,0.64626,0.654192,0.653563,0.643897,0.624802,0.595981,0.557232,0.508456,0.449653,0.380933,0.30251,0.214706,0.118385,0.027,
t=0.02375
0.4,0.455126,0.500562,0.541519,0.577385,0.607349,0.630651,0.646589,0.654528,0.653911,0.644258,0.625179,0.596378,0.557651,0.5089,0.450126,0.381437,0.303048,0.215284,0.119082,0.0285,
t=0.025
0.4,0.455419,0.500888,0.541841,0.577703,0.607667,0.630971,0.646913,0.65486,0.654252,0.644613,0.62555,0.596768,0.558064,0.509337,0.450592,0.381935,0.303581,0.215857,0.119783,0.03,
t=0.02625
0.4,0.455707,0.501212,0.542159,0.578018,0.60798,0.631285,0.647232,0.655186,0.654588,0.644961,0.625915,0.597152,0.55847,0.509769,0.451052,0.382427,0.304108,0.216424,0.120488,0.0315,
t=0.0275
0.4,0.455988,0.501533,0.542474,0.578329,0.60829,0.631596,0.647546,0.655507,0.654919,0.645304,0.626274,0.597529,0.558869,0.510194,0.451506,0.382913,0.30463,0.216986,0.121197,0.033,
t=0.02875
0.4,0.456262,0.501851,0.542786,0.578636,0.608595,0.631901,0.647855,0.655822,0.655243,0.645642,0.626627,0.597901,0.559263,0.510613,0.451954,0.383393,0.305145,0.217543,0.121911,0.0345,
t=0.03
0.4,0.45653,0.502165,0.543095,0.57894,0.608896,0.632202,0.648159,0.656132,0.655562,0.645973,0.626973,0.598266,0.55965,0.511026,0.452396,0.383867,0.305655,0.218096,0.12263,0.036,
t=0.03125
0.4,0.456791,0.502477,0.543401,0.579239,0.609192,0.632499,0.648458,0.656437,0.655876,0.646298,0.627314,0.598625,0.560031,0.511432,0.452831,0.384335,0.306158,0.218643,0.123354,0.0375,
t=0.0325
0.4,0.457045,0.502786,0.543703,0.579536,0.609485,0.632791,0.648752,0.656736,0.656183,0.646618,0.627648,0.598978,0.560406,0.511833,0.45326,0.384797,0.306656,0.219185,0.124085,0.039,
t=0.03375
0.4,0.457292,0.503092,0.544002,0.579828,0.609774,0.633078,0.649041,0.65703,0.656486,0.646931,0.627977,0.599325,0.560775,0.512227,0.453683,0.385252,0.307148,0.219723,0.124821,0.0405,
t=0.035
0.4,0.457532,0.503395,0.544299,0.580117,0.610058,0.633361,0.649326,0.657319,0.656782,0.647239,0.628299,0.599665,0.561137,0.512614,0.4541,0.385702,0.307634,0.220256,0.125565,0.042,
t=0.03625
0.4,0.457765,0.503695,0.544591,0.580402,0.610338,0.633639,0.649605,0.657602,0.657073,0.647541,0.628615,0.6,0.561493,0.512996,0.454511,0.386145,0.308115,0.220784,0.126315,0.0435,
t=0.0375
0.4,0.45799,0.503992,0.544881,0.580684,0.610614,0.633913,0.649879,0.65788,0.657358,0.647837,0.628926,0.600328,0.561843,0.513371,0.454915,0.386583,0.308589,0.221308,0.127072,0.045,
t=0.03875
0.4,0.458207,0.504285,0.545168,0.580962,0.610886,0.634182,0.650148,0.658153,0.657638,0.648127,0.62923,0.60065,0.562187,0.51374,0.455314,0.387015,0.309058,0.221827,0.127837,0.0465,
t=0.04
0.4,0.458418,0.504576,0.545451,0.581236,0.611154,0.634446,0.650412,0.65842,0.657912,0.648411,0.629528,0.600966,0.562524,0.514103,0.455706,0.38744,0.309521,0.222343,0.128611,0.048,
t=0.04125
0.4,0.45862,0.504862,0.545731,0.581507,0.611418,0.634706,0.650671,0.658682,0.65818,0.648689,0.62982,0.601275,0.562855,0.51446,0.456092,0.387859,0.309978,0.222854,0.129392,0.0495,
t=0.0425
0.4,0.458815,0.505146,0.546009,0.581773,0.611677,0.634961,0.650926,0.658939,0.658443,0.648962,0.630106,0.601579,0.56318,0.51481,0.456471,0.388273,0.31043,0.223361,0.130181,0.051,
t=0.04375
0.4,0.459001,0.505426,0.546282,0.582037,0.611932,0.635212,0.651175,0.65919,0.6587,0.649228,0.630386,0.601876,0.563499,0.515154,0.456845,0.38868,0.310875,0.223865,0.13098,0.0525,
t=0.045
0.4,0.45918,0.505703,0.546553,0.582296,0.612184,0.635458,0.651419,0.659436,0.658952,0.649489,0.63066,0.602167,0.563811,0.515492,0.457213,0.389082,0.311315,0.224364,0.131787,0.054,
t=0.04625
0.4,0.459352,0.505976,0.546821,0.582552,0.612431,0.635699,0.651659,0.659677,0.659198,0.649744,0.630928,0.602452,0.564117,0.515823,0.457574,0.389477,0.311749,0.224861,0.132604,0.0555,
t=0.0475
0.4,0.459515,0.506246,0.547085,0.582804,0.612674,0.635936,0.651893,0.659913,0.659438,0.649993,0.63119,0.602731,0.564417,0.516149,0.457929,0.389866,0.312178,0.225353,0.13343,0.057,
t=0.04875
0.4,0.45967,0.506511,0.547346,0.583053,0.612913,0.636169,0.652123,0.660143,0.659673,0.650236,0.631446,0.603004,0.564711,0.516468,0.458278,0.39025,0.3126,0.225843,0.134266,0.0585,
t=0.05
0.4,0.459817,0.506773,0.547604,0.583298,0.613147,0.636396,0.652347,0.660368,0.659902,0.650474,0.631695,0.60327,0.564999,0.516781,0.458621,0.390627,0.313017,0.22633,0.135112,0.06,
t=0.05125
0.4,0.459956,0.507032,0.547858,0.583539,0.613378,0.63662,0.652567,0.660587,0.660125,0.650705,0.631939,0.603531,0.56528,0.517088,0.458958,0.390998,0.313429,0.226814,0.135968,0.0615,
t=0.0525
0.4,0.460087,0.507286,0.54811,0.583777,0.613604,0.636838,0.652781,0.660801,0.660343,0.650931,0.632177,0.603785,0.565555,0.517388,0.459288,0.391363,0.313834,0.227295,0.136834,0.063,
t=0.05375
0.4,0.46021,0.507536,0.548358,0.584011,0.613827,0.637053,0.652991,0.66101,0.660556,0.651151,0.632409,0.604033,0.565824,0.517683,0.459613,0.391723,0.314234,0.227774,0.13771,0.0645,
t=0.055
0.4,0.460325,0.507783,0.548603,0.584241,0.614045,0.637262,0.653195,0.661214,0.660762,0.651365,0.632634,0.604275,0.566087,0.517971,0.459931,0.392076,0.314629,0.22825,0.138597,0.066,
t=0.05625
0.4,0.460432,0.508025,0.548845,0.584468,0.614259,0.637467,0.653395,0.661412,0.660963,0.651573,0.632854,0.60451,0.566343,0.518253,0.460243,0.392423,0.315018,0.228725,0.139495,0.0675,
t=0.0575
0.4,0.460531,0.508263,0.549083,0.584691,0.614469,0.637668,0.65359,0.661606,0.661159,0.651776,0.633068,0.60474,0.566593,0.518529,0.460549,0.392764,0.315401,0.229197,0.140403,0.069,
t=0.05875
0.4,0.460622,0.508496,0.549319,0.58491,0.614675,0.637864,0.65378,0.661793,0.661349,0.651972,0.633275,0.604964,0.566837,0.518798,0.460849,0.3931,0.315779,0.229668,0.141323,0.0705,
t=0.06
0.4,0.460705,0.508726,0.549551,0.585126,0.614877,0.638055,0.653965,0.661976,0.661533,0.652163,0.633477,0.605181,0.567075,0.519061,0.461143,0.393429,0.316151,0.230138,0.142253,0.072,
t=0.06125
0.4,0.46078,0.50895,0.549779,0.585338,0.615074,0.638242,0.654145,0.662153,0.661712,0.652348,0.633673,0.605392,0.567307,0.519319,0.461431,0.393752,0.316518,0.230606,0.143194,0.0735,
t=0.0625
0.4,0.460847,0.50917,0.550005,0.585546,0.615268,0.638424,0.65432,0.662325,0.661885,0.652527,0.633862,0.605597,0.567532,0.51957,0.461712,0.39407,0.316879,0.231074,0.144146,0.075,
t=0.06375
0.4,0.460906,0.509386,0.550227,0.585751,0.615457,0.638602,0.65449,0.662492,0.662053,0.6527,0.634046,0.605796,0.567752,0.519814,0.461988,0.394381,0.317235,0.231541,0.14511,0.0765,
t=0.065
0.4,0.460957,0.509596,0.550446,0.585952,0.615643,0.638775,0.654655,0.662653,0.662215,0.652867,0.634224,0.605989,0.567965,0.520053,0.462257,0.394687,0.317586,0.232007,0.146084,0.078,
t=0.06625
0.4,0.461001,0.509802,0.550661,0.58615,0.615824,0.638944,0.654815,0.662809,0.662371,0.653029,0.634395,0.606176,0.568172,0.520285,0.46252,0.394986,0.317931,0.232473,0.14707,0.0795,
t=0.0675
0.4,0.461037,0.510003,0.550873,0.586344,0.616001,0.639108,0.654971,0.66296,0.662522,0.653185,0.634561,0.606356,0.568373,0.520512,0.462777,0.39528,0.318272,0.232939,0.148067,0.081,
t=0.06875
0.4,0.461066,0.510199,0.551082,0.586534,0.616174,0.639268,0.655121,0.663105,0.662668,0.653335,0.634721,0.606531,0.568567,0.520732,0.463028,0.395567,0.318607,0.233406,0.149075,0.0825,
t=0.07
0.4,0.461087,0.510389,0.551287,0.586721,0.616343,0.639423,0.655266,0.663246,0.662808,0.653479,0.634874,0.606699,0.568756,0.520946,0.463273,0.395849,0.318936,0.233873,0.150094,0.084,
t=0.07125
0.4,0.461101,0.510575,0.551489,0.586904,0.616508,0.639573,0.655407,0.663381,0.662942,0.653618,0.635022,0.606861,0.568938,0.521153,0.463512,0.396124,0.319261,0.234341,0.151124,0.0855,
t=0.0725
0.4,0.461108,0.510755,0.551688,0.587083,0.616669,0.63972,0.655543,0.663511,0.663071,0.65375,0.635164,0.607018,0.569114,0.521355,0.463745,0.396394,0.319581,0.234809,0.152165,0.087,
t=0.07375
0.4,0.461107,0.510929,0.551883,0.587259,0.616825,0.639861,0.655673,0.663635,0.663194,0.653877,0.6353,0.607168,0.569284,0.52155,0.463971,0.396658,0.319895,0.23528,0.153217,0.0885,
t=0.075
0.4,0.461099,0.511098,0.552074,0.587431,0.616978,0.639998,0.655799,0.663754,0.663311,0.653998,0.635429,0.607312,0.569448,0.52174,0.464192,0.396916,0.320205,0.235751,0.15428,0.09,
t=0.07625
0.4,0.461085,0.511262,0.552262,0.5876,0.617126,0.640131,0.65592,0.663868,0.663423,0.654113,0.635553,0.60745,0.569605,0.521923,0.464406,0.397168,0.32051,0.236225,0.155354,0.0915,
t=0.0775
0.4,0.461063,0.511419,0.552446,0.587764,0.617271,0.640259,0.656036,0.663977,0.66353,0.654223,0.635671,0.607581,0.569757,0.5221,0.464615,0.397414,0.32081,0.236701,0.156438,0.093,
t=0.07875
0.4,0.461035,0.511571,0.552627,0.587926,0.617411,0.640382,0.656147,0.664081,0.663631,0.654326,0.635783,0.607707,0.569902,0.522271,0.464817,0.397655,0.321106,0.237179,0.157533,0.0945,
t=0.08
0.4,0.461001,0.511717,0.552805,0.588083,0.617548,0.640501,0.656254,0.664179,0.663726,0.654424,0.635889,0.607827,0.570041,0.522435,0.465013,0.397889,0.321397,0.23766,0.158638,0.096,
t=0.08125
0.4,0.460959,0.511857,0.552978,0.588237,0.61768,0.640616,0.656355,0.664272,0.663816,0.654517,0.635989,0.60794,0.570174,0.522594,0.465204,0.398118,0.321683,0.238144,0.159754,0.0975,
t=0.0825
0.4,0.460912,0.511991,0.553148,0.588388,0.617808,0.640726,0.656451,0.66436,0.663901,0.654603,0.636083,0.608048,0.570301,0.522746,0.465388,0.39834,0.321965,0.238631,0.160879,0.099,
t=0.08375
0.4,0.460859,0.512118,0.553315,0.588534,0.617932,0.640831,0.656543,0.664443,0.66398,0.654684,0.636171,0.608149,0.570422,0.522893,0.465566,0.398557,0.322242,0.239121,0.162015,0.1005,
t=0.085
0.4,0.460799,0.512239,0.553477,0.588677,0.618052,0.640932,0.65663,0.66452,0.664053,0.654758,0.636253,0.608245,0.570537,0.523033,0.465738,0.398768,0.322516,0.239616,0.16316,0.102,
t=0.08625
0.4,0.460734,0.512354,0.553636,0.588817,0.618168,0.641029,0.656711,0.664592,0.664121,0.654828,0.636329,0.608334,0.570645,0.523167,0.465904,0.398974,0.322785,0.240114,0.164315,0.1035,
t=0.0875
0.4,0.460662,0.512463,0.553791,0.588952,0.61828,0.641121,0.656788,0.664659,0.664183,0.654891,0.6364,0.608417,0.570748,0.523295,0.466064,0.399173,0.32305,0.240616,0.165479,0.105,
t=0.08875
0.4,0.460586,0.512565,0.553942,0.589085,0.618388,0.641208,0.65686,0.664721,0.66424,0.654949,0.636464,0.608494,0.570844,0.523417,0.466218,0.399367,0.323311,0.241124,0.166652,0.1065,
t=0.09
0.4,0.460504,0.51266,0.554089,0.589213,0.618492,0.641292,0.656928,0.664777,0.664291,0.655,0.636522,0.608565,0.570934,0.523532,0.466365,0.399555,0.323568,0.241636,0.167834,0.108,
t=0.09125
0.4,0.460417,0.512748,0.554233,0.589338,0.618592,0.64137,0.65699,0.664829,0.664337,0.655046,0.636575,0.608631,0.571018,0.523642,0.466507,0.399737,0.323822,0.242153,0.169025,0.1095,
t=0.0925
0.4,0.460324,0.51283,0.554372,0.589459,0.618687,0.641444,0.657047,0.664875,0.664377,0.655087,0.636621,0.60869,0.571096,0.523745,0.466643,0.399914,0.324072,0.242675,0.170225,0.111,
t=0.09375
0.4,0.460227,0.512905,0.554507,0.589577,0.618779,0.641514,0.6571,0.664916,0.664412,0.655121,0.636662,0.608743,0.571168,0.523843,0.466773,0.400085,0.324318,0.243203,0.171432,0.1125,
t=0.095
0.4,0.460125,0.512973,0.554638,0.58969,0.618867,0.641579,0.657148,0.664951,0.664441,0.65515,0.636697,0.60879,0.571234,0.523934,0.466897,0.40025,0.324562,0.243737,0.172648,0.114,
t=0.09625
0.4,0.460019,0.513034,0.554765,0.589801,0.61895,0.64164,0.657191,0.664982,0.664465,0.655174,0.636725,0.60883,0.571294,0.52402,0.467014,0.400409,0.324801,0.244277,0.173871,0.1155,
t=0.0975
0.4,0.459908,0.513088,0.554888,0.589907,0.61903,0.641696,0.657229,0.665007,0.664484,0.655191,0.636748,0.608865,0.571347,0.524099,0.467126,0.400563,0.325038,0.244823,0.175103,0.117,
t=0.09875
0.4,0.459793,0.513135,0.555007,0.59001,0.619106,0.641748,0.657262,0.665027,0.664496,0.655203,0.636765,0.608894,0.571395,0.524172,0.467232,0.400711,0.325272,0.245376,0.176341,0.1185,
t=0.1
0.4,0.459674,0.513175,0.555121,0.590109,0.619177,0.641795,0.65729,0.665042,0.664504,0.655209,0.636777,0.608917,0.571436,0.524239,0.467332,0.400854,0.325504,0.245935,0.177586,0.12,
t=0.10125
0.4,0.459551,0.513207,0.555231,0.590204,0.619244,0.641838,0.657314,0.665052,0.664506,0.655209,0.636782,0.608934,0.571472,0.5243,0.467426,0.400991,0.325732,0.246502,0.178838,0.1215,
t=0.1025
0.4,0.459425,0.513232,0.555337,0.590296,0.619308,0.641877,0.657332,0.665056,0.664502,0.655204,0.636781,0.608945,0.571501,0.524355,0.467513,0.401123,0.325958,0.247076,0.180097,0.123,
t=0.10375
0.4,0.459294,0.51325,0.555438,0.590384,0.619367,0.641911,0.657346,0.665056,0.664493,0.655193,0.636775,0.60895,0.571524,0.524404,0.467595,0.401249,0.326182,0.247657,0.181361,0.1245,
t=0.105
0.4,0.459161,0.513261,0.555535,0.590468,0.619423,0.64194,0.657355,0.66505,0.664479,0.655176,0.636762,0.608949,0.571542,0.524446,0.467671,0.40137,0.326403,0.248246,0.182632,0.126,
t=0.10625
0.4,0.459024,0.513264,0.555627,0.590549,0.619474,0.641965,0.65736,0.665039,0.664459,0.655153,0.636744,0.608941,0.571553,0.524483,0.467741,0.401485,0.326623,0.248843,0.183908,0.1275,
t=0.1075
0.4,0.458885,0.513259,0.555714,0.590626,0.619521,0.641986,0.657359,0.665023,0.664433,0.655125,0.63672,0.608928,0.571558,0.524514,0.467805,0.401595,0.326841,0.249448,0.185189,0.129,
t=0.10875
0.4,0.458742,0.513248,0.555796,0.590699,0.619565,0.642002,0.657353,0.665002,0.664402,0.655091,0.63669,0.608909,0.571557,0.524538,0.467863,0.4017,0.327057,0.250061,0.186476,0.1305,
t=0.11
0.4,0.458597,0.513228,0.555874,0.590768,0.619604,0.642014,0.657343,0.664975,0.664366,0.655052,0.636654,0.608884,0.57155,0.524557,0.467915,0.401799,0.327272,0.250682,0.187767,0.132,
t=0.11125
0.4,0.45845,0.513202,0.555947,0.590833,0.619639,0.642022,0.657328,0.664944,0.664324,0.655007,0.636612,0.608853,0.571537,0.52457,0.467962,0.401893,0.327485,0.251312,0.189063,0.1335,
t=0.1125
0.4,0.4583,0.513167,0.556015,0.590895,0.619671,0.642025,0.657308,0.664907,0.664277,0.654956,0.636564,0.608816,0.571518,0.524576,0.468002,0.401982,0.327697,0.25195,0.190363,0.135,
t=0.11375
0.4,0.458148,0.513126,0.556079,0.590953,0.619698,0.642023,0.657284,0.664865,0.664225,0.654899,0.636511,0.608773,0.571493,0.524577,0.468036,0.402065,0.327908,0.252598,0.191667,0.1365,
t=0.115
0.4,0.457994,0.513076,0.556137,0.591007,0.619721,0.642017,0.657254,0.664818,0.664167,0.654837,0.636452,0.608724,0.571461,0.524571,0.468065,0.402144,0.328119,0.253254,0.192974,0.138,
t=0.11625
0.4,0.457838,0.51302,0.55619,0.591057,0.61974,0.642007,0.65722,0.664766,0.664103,0.654769,0.636386,0.608669,0.571424,0.52456,0.468088,0.402217,0.328329,0.25392,0.194285,0.1395,
t=0.1175
0.4,0.457681,0.512955,0.556237,0.591103,0.619756,0.641992,0.657181,0.664709,0.664034,0.654695,0.636315,0.608608,0.571381,0.524542,0.468104,0.402286,0.328539,0.254595,0.195599,0.141,
t=0.11875
0.4,0.457522,0.512884,0.55628,0.591146,0.619767,0.641973,0.657137,0.664646,0.66396,0.654616,0.636239,0.608541,0.571332,0.524519,0.468115,0.402349,0.328749,0.255279,0.196915,0.1425,
t=0.12
0.4,0.457362,0.512804,0.556317,0.591184,0.619774,0.64195,0.657088,0.664579,0.66388,0.654531,0.636156,0.608468,0.571277,0.524489,0.46812,0.402408,0.328958,0.255973,0.198234,0.144,
t=0.12125
0.4,0.4572,0.512718,0.556349,0.591219,0.619777,0.641922,0.657035,0.664506,0.663795,0.654441,0.636068,0.60839,0.571216,0.524454,0.468119,0.402462,0.329168,0.256676,0.199555,0.1455,
t=0.1225
0.4,0.457037,0.512624,0.556375,0.591249,0.619777,0.64189,0.656977,0.664428,0.663705,0.654345,0.635973,0.608305,0.571149,0.524412,0.468113,0.402511,0.329379,0.257388,0.200878,0.147,
t=0.12375
0.4,0.456874,0.512522,0.556396,0.591276,0.619772,0.641853,0.656914,0.664345,0.663609,0.654243,0.635873,0.608214,0.571075,0.524365,0.4681,0.402555,0.32959,0.258111,0.202203,0.1485,
t=0.125
0.4,0.45671,0.512413,0.556411,0.591299,0.619763,0.641812,0.656846,0.664258,0.663507,0.654136,0.635767,0.608118,0.570996,0.524311,0.468082,0.402595,0.329802,0.258843,0.203529,0.15,
t=0.12625
0.4,0.456545,0.512297,0.55642,0.591317,0.61975,0.641767,0.656773,0.664164,0.663401,0.654023,0.635656,0.608015,0.570911,0.524252,0.468058,0.40263,0.330015,0.259585,0.204857,0.1515,
t=0.1275
0.4,0.45638,0.512174,0.556424,0.591332,0.619733,0.641717,0.656696,0.664066,0.663289,0.653904,0.635538,0.607907,0.57082,0.524187,0.468028,0.40266,0.33023,0.260337,0.206185,0.153,
t=0.12875
0.4,0.456214,0.512043,0.556422,0.591343,0.619712,0.641662,0.656614,0.663963,0.663171,0.65378,0.635415,0.607793,0.570723,0.524115,0.467993,0.402687,0.330446,0.261098,0.207513,0.1545,
t=0.13
0.4,0.456048,0.511905,0.556414,0.591349,0.619687,0.641604,0.656527,0.663855,0.663048,0.65365,0.635286,0.607672,0.57062,0.524038,0.467951,0.402708,0.330664,0.26187,0.208842,0.156,
t=0.13125
0.4,0.455882,0.51176,0.5564,0.591351,0.619659,0.641541,0.656436,0.663741,0.66292,0.653515,0.635151,0.607546,0.570511,0.523955,0.467904,0.402726,0.330885,0.262651,0.210172,0.1575,
t=0.1325
0.4,0.455716,0.511608,0.55638,0.59135,0.619626,0.641474,0.65634,0.663623,0.662787,0.653374,0.63501,0.607414,0.570396,0.523866,0.467852,0.402739,0.331107,0.263442,0.211501,0.159,
t=0.13375
0.4,0.45555,0.511449,0.556353,0.591344,0.619589,0.641402,0.656239,0.663499,0.662648,0.653227,0.634864,0.607277,0.570275,0.523771,0.467793,0.402749,0.331332,0.264243,0.212829,0.1605,
t=0.135
0.4,0.455384,0.511283,0.556321,0.591333,0.619548,0.641326,0.656133,0.663371,0.662503,0.653075,0.634712,0.607133,0.570149,0.52367,0.467729,0.402754,0.331559,0.265054,0.214157,0.162,
t=0.13625
0.4,0.455219,0.511111,0.556282,0.591319,0.619503,0.641246,0.656022,0.663237,0.662354,0.652917,0.634554,0.606983,0.570016,0.523563,0.467659,0.402756,0.33179,0.265874,0.215485,0.1635,
t=0.1375
0.4,0.455054,0.510932,0.556237,0.5913,0.619454,0.641161,0.655907,0.663098,0.662199,0.652754,0.63439,0.606828,0.569877,0.52345,0.467584,0.402753,0.332023,0.266704,0.216811,0.165,
t=0.13875
0.4,0.454889,0.510746,0.556186,0.591277,0.619401,0.641072,0.655787,0.662954,0.662039,0.652585,0.634221,0.606666,0.569733,0.523332,0.467503,0.402747,0.33226,0.267544,0.218136,0.1665,
t=0.14
0.4,0.454725,0.510553,0.556128,0.59125,0.619344,0.640978,0.655663,0.662805,0.661873,0.65241,0.634046,0.606499,0.569582,0.523207,0.467417,0.402738,0.332501,0.268394,0.21946,0.168,
t=0.14125
0.4,0.454562,0.510355,0.556063,0.591218,0.619283,0.640881,0.655533,0.662651,0.661702,0.65223,0.633865,0.606326,0.569426,0.523077,0.467324,0.402725,0.332745,0.269253,0.220782,0.1695,
t=0.1425
0.4,0.4544,0.510149,0.555992,0.591182,0.619218,0.640778,0.655399,0.662492,0.661526,0.652044,0.633678,0.606147,0.569264,0.52294,0.467227,0.402708,0.332994,0.270121,0.222103,0.171,
t=0.14375
0.4,0.454238,0.509938,0.555914,0.591141,0.619149,0.640672,0.655261,0.662328,0.661344,0.651853,0.633486,0.605962,0.569095,0.522798,0.467124,0.402689,0.333247,0.270998,0.223421,0.1725,
t=0.145
0.4,0.454077,0.509721,0.55583,0.591096,0.619075,0.640561,0.655117,0.662159,0.661157,0.651656,0.633288,0.605772,0.568921,0.52265,0.467015,0.402666,0.333504,0.271885,0.224737,0.174,
t=0.14625
0.4,0.453918,0.509497,0.555739,0.591046,0.618998,0.640446,0.654969,0.661985,0.660965,0.651454,0.633084,0.605575,0.568741,0.522496,0.466901,0.40264,0.333766,0.272781,0.226052,0.1755,
t=0.1475
0.4,0.453759,0.509268,0.555641,0.590992,0.618917,0.640327,0.654816,0.661806,0.660767,0.651246,0.632875,0.605373,0.568555,0.522336,0.466782,0.402611,0.334033,0.273686,0.227363,0.177,
t=0.14875
0.4,0.453601,0.509033,0.555536,0.590933,0.618831,0.640203,0.654659,0.661622,0.660564,0.651033,0.632659,0.605165,0.568364,0.522171,0.466657,0.40258,0.334305,0.274599,0.228673,0.1785,
t=0.15
0.4,0.453445,0.508793,0.555424,0.590869,0.618742,0.640075,0.654496,0.661433,0.660356,0.650814,0.632438,0.604951,0.568166,0.521999,0.466527,0.402546,0.334582,0.275521,0.229979,0.18,
t=0.15125
0.4,0.45329,0.508547,0.555305,0.5908,0.618648,0.639942,0.654329,0.661239,0.660143,0.65059,0.632212,0.604731,0.567963,0.521822,0.466391,0.402509,0.334865,0.276452,0.231283,0.1815,
t=0.1525
0.4,0.453136,0.508296,0.555179,0.590727,0.61855,0.639806,0.654158,0.66104,0.659924,0.65036,0.63198,0.604506,0.567753,0.521639,0.46625,0.40247,0.335154,0.27739,0.232584,0.183,
t=0.15375
0.4,0.452983,0.508039,0.555046,0.590649,0.618449,0.639665,0.653982,0.660836,0.6597,0.650124,0.631742,0.604274,0.567538,0.52145,0.466104,0.402429,0.335449,0.278337,0.233882,0.1845,
t=0.155
0.4,0.452832,0.507778,0.554906,0.590566,0.618343,0.639519,0.653801,0.660626,0.659471,0.649883,0.631498,0.604037,0.567317,0.521256,0.465953,0.402386,0.33575,0.279292,0.235177,0.186,
t=0.15625
0.4,0.452681,0.507512,0.554759,0.590478,0.618233,0.639369,0.653615,0.660412,0.659236,0.649637,0.631249,0.603794,0.56709,0.521055,0.465797,0.402341,0.336057,0.280255,0.236468,0.1875,
t=0.1575
0.4,0.452533,0.507241,0.554604,0.590386,0.618119,0.639216,0.653425,0.660193,0.658996,0.649385,0.630994,0.603546,0.566857,0.520849,0.465635,0.402294,0.336371,0.281225,0.237757,0.189,
t=0.15875
0.4,0.452385,0.506965,0.554443,0.590288,0.618,0.639057,0.65323,0.659969,0.658751,0.649127,0.630733,0.603291,0.566619,0.520637,0.465468,0.402246,0.336691,0.282202,0.239042,0.1905,
t=0.16
0.4,0.452239,0.506685,0.554274,0.590185,0.617878,0.638895,0.653031,0.65974,0.658501,0.648865,0.630467,0.603031,0.566375,0.520419,0.465297,0.402196,0.337019,0.283186,0.240324,0.192,
t=0.16125
0.4,0.452095,0.506401,0.554097,0.590077,0.617751,0.638728,0.652826,0.659506,0.658245,0.648596,0.630195,0.602765,0.566124,0.520196,0.46512,0.402145,0.337353,0.284178,0.241602,0.1935,
t=0.1625
0.4,0.451951,0.506112,0.553914,0.589964,0.61762,0.638557,0.652618,0.659267,0.657984,0.648322,0.629917,0.602493,0.565868,0.519967,0.464939,0.402092,0.337695,0.285176,0.242877,0.195,
t=0.16375
0.4,0.451809,0.50582,0.553723,0.589845,0.617485,0.638381,0.652404,0.659023,0.657718,0.648043,0.629634,0.602216,0.565607,0.519732,0.464752,0.402039,0.338044,0.28618,0.244149,0.1965,
t=0.165
0.4,0.451669,0.505523,0.553525,0.589721,0.617346,0.638201,0.652186,0.658774,0.657447,0.647758,0.629345,0.601932,0.565339,0.519492,0.464561,0.401985,0.338401,0.28719,0.245416,0.198,
t=0.16625
0.4,0.45153,0.505223,0.553319,0.589592,0.617203,0.638017,0.651963,0.65852,0.657171,0.647468,0.62905,0.601643,0.565066,0.519245,0.464365,0.40193,0.338765,0.288207,0.246681,0.1995,
t=0.1675
0.4,0.451392,0.50492,0.553106,0.589457,0.617055,0.637829,0.651736,0.658262,0.656889,0.647172,0.62875,0.601349,0.564787,0.518994,0.464164,0.401875,0.339138,0.289229,0.247942,0.201,
t=0.16875
0.4,0.451255,0.504613,0.552885,0.589317,0.616903,0.637636,0.651504,0.657998,0.656602,0.646871,0.628445,0.601048,0.564502,0.518736,0.463959,0.401819,0.339518,0.290256,0.249199,0.2025,
t=0.17
0.4,0.45112,0.504303,0.552657,0.589172,0.616747,0.637439,0.651268,0.657729,0.65631,0.646565,0.628133,0.600742,0.564211,0.518473,0.463749,0.401764,0.339907,0.291288,0.250453,0.204,
t=0.17125
0.4,0.450986,0.50399,0.552422,0.589021,0.616586,0.637238,0.651027,0.657456,0.656012,0.646253,0.627816,0.60043,0.563915,0.518204,0.463534,0.401708,0.340304,0.292326,0.251703,0.2055,
t=0.1725
0.4,0.450854,0.503674,0.552179,0.588864,0.616421,0.637033,0.650781,0.657177,0.65571,0.645935,0.627494,0.600113,0.563613,0.51793,0.463315,0.401653,0.340709,0.293368,0.25295,0.207,
t=0.17375
0.4,0.450722,0.503356,0.551929,0.588701,0.616252,0.636823,0.650531,0.656894,0.655402,0.645613,0.627166,0.599789,0.563305,0.51765,0.463091,0.401598,0.341123,0.294414,0.254193,0.2085,
t=0.175
0.4,0.450592,0.503035,0.551672,0.588533,0.616078,0.636609,0.650276,0.656606,0.655089,0.645284,0.626832,0.59946,0.562991,0.517365,0.462864,0.401544,0.341545,0.295464,0.255433,0.21,
t=0.17625
0.4,0.450463,0.502711,0.551407,0.588359,0.6159,0.63639,0.650016,0.656312,0.654771,0.644951,0.626493,0.599126,0.562672,0.517074,0.462632,0.401491,0.341976,0.296518,0.25667,0.2115,
t=0.1775
0.4,0.450335,0.502386,0.551135,0.588179,0.615718,0.636168,0.649752,0.656014,0.654448,0.644612,0.626148,0.598785,0.562347,0.516777,0.462395,0.401438,0.342416,0.297576,0.257903,0.213,
t=0.17875
0.4,0.450208,0.502058,0.550855,0.587993,0.615531,0.635941,0.649484,0.655711,0.654119,0.644267,0.625797,0.598439,0.562016,0.516475,0.462155,0.401387,0.342865,0.298637,0.259133,0.2145,
t=0.18
0.4,0.450083,0.501728,0.550569,0.587801,0.61534,0.635709,0.64921,0.655403,0.653785,0.643917,0.625441,0.598088,0.561679,0.516167,0.461911,0.401337,0.343322,0.299701,0.26036,0.216,
t=0.18125
0.4,0.449958,0.501397,0.550275,0.587603,0.615144,0.635474,0.648933,0.65509,0.653447,0.643562,0.62508,0.59773,0.561337,0.515854,0.461662,0.401289,0.343789,0.300767,0.261583,0.2175,
t=0.1825
0.4,0.449834,0.501064,0.549974,0.587399,0.614944,0.635234,0.64865,0.654773,0.653103,0.643202,0.624713,0.597367,0.560989,0.515536,0.46141,0.401243,0.344265,0.301836,0.262804,0.219,
t=0.18375
0.4,0.449711,0.50073,0.549665,0.587189,0.614739,0.63499,0.648363,0.65445,0.652754,0.642836,0.62434,0.596999,0.560636,0.515212,0.461154,0.401199,0.344749,0.302907,0.264021,0.2205,
t=0.185
0.4,0.449589,0.500394,0.54935,0.586972,0.61453,0.634741,0.648072,0.654123,0.652399,0.642464,0.623962,0.596624,0.560277,0.514883,0.460894,0.401156,0.345243,0.30398,0.265236,0.222,
t=0.18625
0.4,0.449467,0.500057,0.549027,0.586749,0.614316,0.634489,0.647776,0.653791,0.65204,0.642088,0.623579,0.596244,0.559912,0.514548,0.460631,0.401117,0.345746,0.305054,0.266448,0.2235,
t=0.1875
0.4,0.449346,0.499719,0.548697,0.58652,0.614097,0.634231,0.647475,0.653454,0.651676,0.641706,0.623189,0.595859,0.559542,0.514208,0.460364,0.40108,0.346259,0.30613,0.267657,0.225,
t=0.18875
0.4,0.449226,0.49938,0.548361,0.586285,0.613874,0.63397,0.64717,0.653112,0.651306,0.641319,0.622795,0.595468,0.559165,0.513863,0.460094,0.401045,0.34678,0.307207,0.268864,0.2265,
t=0.19
0.4,0.449107,0.499041,0.548017,0.586043,0.613646,0.633704,0.64686,0.652765,0.650931,0.640926,0.622395,0.595071,0.558784,0.513512,0.459821,0.401014,0.347311,0.308284,0.270068,0.228,
t=0.19125
0.4,0.448988,0.498701,0.547667,0.585794,0.613413,0.633434,0.646546,0.652413,0.650551,0.640528,0.621989,0.594669,0.558396,0.513156,0.459544,0.400986,0.34785,0.309362,0.271269,0.2295,
t=0.1925
0.4,0.448869,0.49836,0.54731,0.585539,0.613176,0.63316,0.646228,0.652057,0.650167,0.640125,0.621578,0.594261,0.558003,0.512795,0.459264,0.400961,0.348399,0.310441,0.272469,0.231,
t=0.19375
0.4,0.448751,0.498019,0.546946,0.585277,0.612934,0.632882,0.645904,0.651695,0.649776,0.639716,0.621161,0.593847,0.557605,0.512429,0.458982,0.40094,0.348957,0.311519,0.273666,0.2325,
t=0.195
0.4,0.448633,0.497678,0.546575,0.585009,0.612687,0.632599,0.645577,0.651329,0.649381,0.639302,0.620739,0.593428,0.557201,0.512057,0.458696,0.400922,0.349524,0.312597,0.274861,0.234,
t=0.19625
0.4,0.448516,0.497337,0.546198,0.584734,0.612435,0.632311,0.645244,0.650958,0.648981,0.638883,0.620312,0.593003,0.556791,0.511681,0.458408,0.400909,0.350101,0.313674,0.276054,0.2355,
t=0.1975
0.4,0.448398,0.496996,0.545815,0.584452,0.612178,0.63202,0.644908,0.650583,0.648576,0.638458,0.619879,0.592573,0.556376,0.511299,0.458117,0.400899,0.350686,0.314751,0.277245,0.237,
t=0.19875
0.4,0.448281,0.496654,0.545425,0.584163,0.611917,0.631724,0.644566,0.650202,0.648166,0.638028,0.61944,0.592137,0.555955,0.510912,0.457823,0.400895,0.35128,0.315827,0.278435,0.2385,
t=0.2
0.4,0.448164,0.496314,0.545029,0.583868,0.61165,0.631423,0.644221,0.649817,0.64775,0.637593,0.618996,0.591696,0.555529,0.510521,0.457527,0.400894,0.351883,0.316901,0.279623,0.24,
t=0.20125
0.4,0.448046,0.495973,0.544627,0.583565,0.611379,0.631119,0.64387,0.649427,0.64733,0.637153,0.618547,0.591249,0.555097,0.510124,0.457229,0.400899,0.352495,0.317975,0.280809,0.2415,
t=0.2025
0.4,0.447929,0.495633,0.544218,0.583256,0.611102,0.63081,0.643516,0.649032,0.646904,0.636707,0.618092,0.590797,0.554659,0.509722,0.456929,0.400908,0.353115,0.319046,0.281994,0.243,
t=0.20375
0.4,0.447812,0.495294,0.543804,0.582939,0.61082,0.630496,0.643156,0.648632,0.646474,0.636256,0.617632,0.590339,0.554216,0.509315,0.456626,0.400923,0.353744,0.320116,0.283178,0.2445,
t=0.205
0.4,0.447694,0.494955,0.543384,0.582616,0.610533,0.630178,0.642792,0.648228,0.646038,0.6358,0.617166,0.589875,0.553768,0.508904,0.456322,0.400943,0.354381,0.321183,0.284361,0.246,
t=0.20625
0.4,0.447576,0.494617,0.542958,0.582285,0.610241,0.629856,0.642424,0.647818,0.645597,0.635339,0.616695,0.589406,0.553314,0.508487,0.456016,0.400968,0.355027,0.322249,0.285543,0.2475,
t=0.2075
0.4,0.447458,0.49428,0.542526,0.581948,0.609944,0.62953,0.642052,0.647405,0.645152,0.634872,0.616219,0.588932,0.552855,0.508066,0.455709,0.400999,0.355681,0.323311,0.286724,0.249,
t=0.20875
0.4,0.447339,0.493943,0.542089,0.581603,0.609641,0.629199,0.641674,0.646986,0.644701,0.6344,0.615737,0.588452,0.55239,0.507641,0.455399,0.401036,0.356343,0.324372,0.287905,0.2505,
t=0.21
0.4,0.44722,0.493608,0.541647,0.581251,0.609334,0.628863,0.641293,0.646562,0.644246,0.633923,0.615249,0.587966,0.55192,0.50721,0.455089,0.401079,0.357013,0.325429,0.289084,0.252,
t=0.21125
0.4,0.4471,0.493273,0.541199,0.580892,0.609021,0.628523,0.640906,0.646134,0.643785,0.633441,0.614757,0.587475,0.551444,0.506775,0.454778,0.401128,0.357691,0.326483,0.290264,0.2535,
t=0.2125
0.4,0.44698,0.49294,0.540746,0.580526,0.608702,0.628179,0.640516,0.645701,0.643319,0.632953,0.614259,0.586979,0.550963,0.506335,0.454465,0.401184,0.358377,0.327535,0.291443,0.255,
t=0.21375
0.4,0.446859,0.492608,0.540288,0.580152,0.608378,0.62783,0.640121,0.645263,0.642849,0.63246,0.613756,0.586477,0.550477,0.505891,0.454151,0.401246,0.35907,0.328583,0.292621,0.2565,
t=0.215
0.4,0.446738,0.492277,0.539826,0.579771,0.608048,0.627477,0.639721,0.644821,0.642373,0.631962,0.613247,0.58597,0.549985,0.505442,0.453837,0.401315,0.35977,0.329627,0.2938,0.258,
t=0.21625
0.4,0.446616,0.491947,0.539358,0.579383,0.607713,0.627119,0.639317,0.644374,0.641892,0.631459,0.612733,0.585457,0.549488,0.504989,0.453522,0.40139,0.360477,0.330668,0.294979,0.2595,
t=0.2175
0.4,0.446492,0.491619,0.538886,0.578987,0.607373,0.626757,0.638909,0.643922,0.641407,0.630951,0.612213,0.584939,0.548986,0.504531,0.453207,0.401473,0.361192,0.331705,0.296157,0.261,
t=0.21875
0.4,0.446368,0.491292,0.538409,0.578585,0.607027,0.62639,0.638496,0.643466,0.640916,0.630437,0.611689,0.584415,0.548478,0.50407,0.452892,0.401563,0.361913,0.332739,0.297337,0.2625,
t=0.22
0.4,0.446244,0.490966,0.537928,0.578174,0.606675,0.626019,0.638078,0.643004,0.640421,0.629919,0.611158,0.583886,0.547965,0.503604,0.452576,0.40166,0.362641,0.333769,0.298516,0.264,
t=0.22125
0.4,0.446118,0.490642,0.537443,0.577757,0.606317,0.625643,0.637656,0.642538,0.63992,0.629395,0.610623,0.583351,0.547447,0.503133,0.452261,0.401765,0.363375,0.334794,0.299696,0.2655,
t=0.2225
0.4,0.445991,0.490319,0.536954,0.577332,0.605954,0.625262,0.63723,0.642068,0.639415,0.628866,0.610082,0.582812,0.546923,0.502659,0.451945,0.401877,0.364115,0.335816,0.300876,0.267,
t=0.22375
0.4,0.445863,0.489998,0.536461,0.5769,0.605585,0.624877,0.636799,0.641593,0.638904,0.628332,0.609536,0.582266,0.546394,0.502181,0.451631,0.401997,0.364861,0.336833,0.302057,0.2685,
t=0.225
0.4,0.445734,0.489678,0.535964,0.57646,0.60521,0.624488,0.636364,0.641113,0.638389,0.627793,0.608985,0.581716,0.54586,0.501698,0.451316,0.402125,0.365612,0.337847,0.303239,0.27,
t=0.22625
0.4,0.445604,0.489359,0.535464,0.576013,0.604829,0.624093,0.635924,0.640628,0.637869,0.627248,0.608428,0.58116,0.545321,0.501212,0.451003,0.40226,0.36637,0.338856,0.304422,0.2715,
t=0.2275
0.4,0.445473,0.489042,0.53496,0.575559,0.604442,0.623694,0.63548,0.640139,0.637344,0.626699,0.607867,0.580598,0.544777,0.500722,0.45069,0.402404,0.367132,0.33986,0.305605,0.273,
t=0.22875
0.4,0.445341,0.488727,0.534452,0.575098,0.604049,0.623291,0.635031,0.639645,0.636814,0.626144,0.607299,0.580032,0.544227,0.500228,0.450379,0.402556,0.3679,0.34086,0.30679,0.2745,
t=0.23
0.4,0.445207,0.488413,0.533942,0.574629,0.60365,0.622883,0.634578,0.639146,0.636279,0.625584,0.606727,0.57946,0.543673,0.499731,0.450068,0.402716,0.368672,0.341856,0.307976,0.276,
t=0.23125
0.4,0.445072,0.4881,0.533428,0.574153,0.603244,0.62247,0.634121,0.638643,0.635739,0.625019,0.606149,0.578882,0.543113,0.49923,0.44976,0.402884,0.369448,0.342848,0.309163,0.2775,
t=0.2325
0.4,0.444936,0.487789,0.532912,0.573669,0.602833,0.622052,0.633659,0.638135,0.635195,0.624449,0.605566,0.5783,0.542548,0.498726,0.449452,0.403061,0.370229,0.343835,0.310351,0.279,
t=0.23375
0.4,0.444799,0.487479,0.532393,0.573179,0.602416,0.621629,0.633192,0.637622,0.634645,0.623874,0.604978,0.577712,0.541978,0.498218,0.449147,0.403246,0.371014,0.344817,0.311541,0.2805,
t=0.235
0.4,0.44466,0.487171,0.531871,0.572681,0.601992,0.621202,0.632722,0.637105,0.634091,0.623294,0.604385,0.577119,0.541403,0.497707,0.448844,0.40344,0.371803,0.345796,0.312732,0.282,
t=0.23625
0.4,0.44452,0.486864,0.531347,0.572176,0.601562,0.62077,0.632246,0.636583,0.633531,0.622709,0.603786,0.57652,0.540824,0.497192,0.448542,0.403642,0.372596,0.346769,0.313924,0.2835,
t=0.2375
0.4,0.444378,0.486558,0.530821,0.571663,0.601125,0.620333,0.631766,0.636057,0.632967,0.622119,0.603182,0.575916,0.540239,0.496675,0.448243,0.403853,0.373391,0.347739,0.315118,0.285,
t=0.23875
0.4,0.444235,0.486254,0.530292,0.571144,0.600682,0.619891,0.631282,0.635526,0.632398,0.621524,0.602573,0.575307,0.539649,0.496154,0.447947,0.404073,0.37419,0.348704,0.316314,0.2865,
t=0.24
0.4,0.444091,0.485951,0.529762,0.570618,0.600233,0.619445,0.630793,0.63499,0.631824,0.620923,0.601959,0.574693,0.539054,0.495631,0.447653,0.404301,0.374991,0.349664,0.317511,0.288,
t=0.24125
0.4,0.443946,0.485649,0.529229,0.570084,0.599777,0.618993,0.6303,0.63445,0.631246,0.620318,0.60134,0.574073,0.538455,0.495104,0.447363,0.404538,0.375795,0.350621,0.31871,0.2895,
t=0.2425
0.4,0.443799,0.485348,0.528695,0.569544,0.599315,0.618537,0.629802,0.633905,0.630662,0.619707,0.600715,0.573449,0.53785,0.494575,0.447075,0.404784,0.376601,0.351573,0.31991,0.291,
t=0.24375
0.4,0.44365,0.485048,0.528159,0.568997,0.598846,0.618075,0.6293,0.633356,0.630074,0.619092,0.600085,0.572819,0.537241,0.494043,0.44679,0.405039,0.377409,0.352521,0.321112,0.2925,
t=0.245
0.4,0.4435,0.48475,0.527622,0.568442,0.59837,0.617609,0.628794,0.632802,0.629481,0.618471,0.59945,0.572184,0.536627,0.493509,0.446509,0.405303,0.378219,0.353465,0.322316,0.294,
t=0.24625
0.4,0.443349,0.484452,0.527084,0.567881,0.597888,0.617137,0.628283,0.632243,0.628883,0.617846,0.59881,0.571543,0.536009,0.492972,0.446232,0.405575,0.37903,0.354405,0.323522,0.2955,
t=0.2475
0.4,0.443196,0.484156,0.526544,0.567314,0.597399,0.616661,0.627767,0.63168,0.62828,0.617216,0.598165,0.570898,0.535386,0.492433,0.445958,0.405857,0.379842,0.355341,0.324729,0.297,
t=0.24875
0.4,0.443042,0.48386,0.526004,0.566739,0.596903,0.616179,0.627247,0.631112,0.627673,0.61658,0.597515,0.570247,0.534758,0.491892,0.445689,0.406147,0.380655,0.356274,0.325939,0.2985,
t=0.25
0.4,0.442887,0.483565,0.525463,0.566158,0.5964,0.615692,0.626722,0.63054,0.62706,0.61594,0.596859,0.569591,0.534125,0.491349,0.445423,0.406446,0.381469,0.357202,0.32715,0.3,
t=0.25125
0.4,0.44273,0.483271,0.52492,0.565571,0.595891,0.6152,0.626193,0.629963,0.626443,0.615294,0.596199,0.56893,0.533488,0.490803,0.445162,0.406753,0.382284,0.358127,0.328363,0.3015,
t=0.2525
0.4,0.442572,0.482978,0.524378,0.564977,0.595375,0.614703,0.625659,0.629382,0.625821,0.614644,0.595533,0.568264,0.532846,0.490256,0.444906,0.40707,0.383099,0.359048,0.329577,0.303,
t=0.25375
0.4,0.442412,0.482685,0.523834,0.564376,0.594851,0.614201,0.625121,0.628796,0.625195,0.613988,0.594862,0.567593,0.5322,0.489707,0.444654,0.407395,0.383913,0.359966,0.330794,0.3045,
t=0.255
0.4,0.442252,0.482393,0.523291,0.56377,0.594321,0.613693,0.624579,0.628205,0.624563,0.613328,0.594186,0.566917,0.531549,0.489157,0.444407,0.407728,0.384728,0.360881,0.332012,0.306,
t=0.25625
0.4,0.442089,0.482101,0.522747,0.563157,0.593784,0.61318,0.624031,0.62761,0.623927,0.612663,0.593505,0.566236,0.530894,0.488605,0.444165,0.408071,0.385541,0.361793,0.333232,0.3075,
t=0.2575
0.4,0.441926,0.48181,0.522203,0.562538,0.59324,0.612662,0.62348,0.627011,0.623286,0.611993,0.592819,0.565549,0.530235,0.488052,0.443928,0.408421,0.386354,0.362702,0.334454,0.309,
t=0.25875
0.4,0.441761,0.481519,0.521659,0.561913,0.592689,0.612138,0.622923,0.626406,0.622641,0.611318,0.592128,0.564858,0.529571,0.487497,0.443697,0.40878,0.387166,0.363607,0.335678,0.3105,
t=0.26
0.4,0.441595,0.481228,0.521115,0.561282,0.59213,0.611609,0.622362,0.625798,0.62199,0.610638,0.591432,0.564162,0.528904,0.486942,0.443471,0.409148,0.387977,0.36451,0.336903,0.312,
t=0.26125
0.4,0.441428,0.480938,0.520571,0.560645,0.591565,0.611074,0.621797,0.625185,0.621335,0.609953,0.590731,0.56346,0.528232,0.486385,0.443251,0.409523,0.388787,0.365411,0.33813,0.3135,
t=0.2625
0.4,0.441259,0.480647,0.520027,0.560002,0.590992,0.610534,0.621227,0.624567,0.620676,0.609263,0.590024,0.562754,0.527555,0.485828,0.443037,0.409907,0.389594,0.366309,0.339359,0.315,
t=0.26375
0.4,0.44109,0.480356,0.519484,0.559354,0.590412,0.609989,0.620652,0.623945,0.620011,0.608568,0.589313,0.562043,0.526875,0.48527,0.442828,0.410299,0.3904,0.367204,0.340589,0.3165,
t=0.265
0.4,0.440919,0.480066,0.518941,0.558701,0.589826,0.609438,0.620073,0.623318,0.619342,0.607869,0.588597,0.561327,0.526191,0.484711,0.442626,0.410698,0.391204,0.368098,0.341821,0.318,
t=0.26625
0.4,0.440747,0.479775,0.518399,0.558042,0.589231,0.608881,0.619489,0.622687,0.618668,0.607164,0.587876,0.560606,0.525503,0.484152,0.442431,0.411106,0.392006,0.36899,0.343055,0.3195,
t=0.2675
0.4,0.440574,0.479484,0.517858,0.557377,0.58863,0.608319,0.618901,0.622051,0.61799,0.606455,0.587149,0.55988,0.52481,0.483593,0.442242,0.411521,0.392805,0.369879,0.34429,0.321,
t=0.26875
0.4,0.4404,0.479193,0.517317,0.556708,0.588022,0.60775,0.618307,0.621411,0.617307,0.605741,0.586418,0.559149,0.524114,0.483034,0.442059,0.411943,0.393601,0.370767,0.345526,0.3225,
t=0.27
0.4,0.440225,0.478901,0.516777,0.556033,0.587406,0.607177,0.61771,0.620766,0.616619,0.605022,0.585682,0.558413,0.523415,0.482475,0.441883,0.412373,0.394395,0.371654,0.346764,0.324,
t=0.27125
0.4,0.440049,0.478608,0.516238,0.555354,0.586783,0.606597,0.617107,0.620117,0.615926,0.604298,0.584941,0.557672,0.522711,0.481916,0.441715,0.41281,0.395186,0.372539,0.348003,0.3255,
t=0.2725
0.4,0.439872,0.478316,0.515699,0.55467,0.586153,0.606012,0.6165,0.619463,0.615229,0.603569,0.584195,0.556927,0.522004,0.481357,0.441553,0.413254,0.395973,0.373423,0.349243,0.327,
t=0.27375
0.4,0.439695,0.478022,0.515162,0.553981,0.585515,0.60542,0.615888,0.618804,0.614528,0.602836,0.583444,0.556177,0.521293,0.480799,0.441398,0.413705,0.396757,0.374306,0.350485,0.3285,
t=0.275
0.4,0.439516,0.477728,0.514626,0.553287,0.58487,0.604823,0.615271,0.618142,0.613821,0.602097,0.582688,0.555422,0.520579,0.480242,0.441251,0.414163,0.397538,0.375189,0.351727,0.33,
t=0.27625
0.4,0.439337,0.477433,0.514091,0.552589,0.584218,0.60422,0.61465,0.617474,0.61311,0.601354,0.581927,0.554662,0.519861,0.479686,0.441111,0.414628,0.398315,0.37607,0.352971,0.3315,
t=0.2775
0.4,0.439156,0.477137,0.513557,0.551887,0.583559,0.603611,0.614024,0.616803,0.612394,0.600606,0.581161,0.553898,0.51914,0.47913,0.440979,0.415098,0.399089,0.376951,0.354216,0.333,
t=0.27875
0.4,0.438975,0.47684,0.513024,0.551181,0.582892,0.602996,0.613393,0.616126,0.611674,0.599853,0.58039,0.553129,0.518416,0.478576,0.440855,0.415575,0.399859,0.377832,0.355462,0.3345,
t=0.28
0.4,0.438794,0.476542,0.512493,0.550471,0.582218,0.602375,0.612758,0.615446,0.610949,0.599096,0.579615,0.552355,0.517689,0.478023,0.440738,0.416058,0.400624,0.378712,0.356708,0.336,
t=0.28125
0.4,0.438611,0.476242,0.511962,0.549756,0.581537,0.601747,0.612117,0.61476,0.61022,0.598334,0.578834,0.551577,0.516958,0.477471,0.440629,0.416546,0.401386,0.379592,0.357956,0.3375,
t=0.2825
0.4,0.438429,0.475942,0.511433,0.549038,0.580849,0.601114,0.611472,0.614071,0.609486,0.597567,0.578049,0.550794,0.516224,0.476921,0.440528,0.417041,0.402144,0.380473,0.359204,0.339,
t=0.28375
0.4,0.438245,0.47564,0.510906,0.548317,0.580153,0.600474,0.610822,0.613376,0.608747,0.596795,0.577259,0.550006,0.515488,0.476373,0.440435,0.41754,0.402897,0.381353,0.360453,0.3405,
t=0.285
0.4,0.438061,0.475337,0.510379,0.547591,0.57945,0.599828,0.610167,0.612678,0.608004,0.596018,0.576464,0.549214,0.514748,0.475827,0.44035,0.418045,0.403646,0.382235,0.361702,0.342,
t=0.28625
0.4,0.437877,0.475033,0.509855,0.546863,0.578741,0.599176,0.609507,0.611975,0.607256,0.595237,0.575664,0.548418,0.514006,0.475283,0.440274,0.418554,0.404391,0.383116,0.362952,0.3435,
t=0.2875
0.4,0.437692,0.474727,0.509331,0.546131,0.578023,0.598518,0.608842,0.611267,0.606504,0.594451,0.57486,0.547617,0.513261,0.474742,0.440206,0.419069,0.405131,0.383998,0.364203,0.345,
t=0.28875
0.4,0.437506,0.47442,0.508809,0.545396,0.577299,0.597853,0.608172,0.610555,0.605747,0.59366,0.574051,0.546811,0.512513,0.474203,0.440146,0.419588,0.405867,0.384882,0.365453,0.3465,
t=0.29
0.4,0.437321,0.474111,0.508288,0.544659,0.576568,0.597182,0.607498,0.609838,0.604985,0.592865,0.573237,0.546001,0.511763,0.473666,0.440095,0.420111,0.406598,0.385766,0.366704,0.348,
t=0.29125
0.4,0.437134,0.4738,0.507768,0.543918,0.57583,0.596504,0.606818,0.609117,0.604219,0.592065,0.572418,0.545187,0.511011,0.473132,0.440052,0.420638,0.407324,0.386651,0.367956,0.3495,
t=0.2925
0.4,0.436948,0.473488,0.50725,0.543175,0.575084,0.59582,0.606133,0.608391,0.603449,0.59126,0.571594,0.544368,0.510256,0.472602,0.440017,0.421169,0.408046,0.387537,0.369207,0.351,
t=0.29375
0.4,0.436761,0.473174,0.506734,0.54243,0.574332,0.595129,0.605443,0.607661,0.602674,0.590451,0.570766,0.543545,0.509499,0.472074,0.439992,0.421703,0.408764,0.388425,0.370459,0.3525,
t=0.295
0.4,0.436575,0.472859,0.506218,0.541682,0.573573,0.594432,0.604749,0.606926,0.601894,0.589637,0.569933,0.542718,0.50874,0.47155,0.439975,0.422241,0.409476,0.389315,0.37171,0.354,
t=0.29625
0.4,0.436388,0.472541,0.505704,0.540931,0.572806,0.593728,0.604049,0.606187,0.60111,0.588818,0.569095,0.541887,0.507979,0.47103,0.439966,0.422782,0.410185,0.390206,0.372962,0.3555,
t=0.2975
0.4,0.4362,0.472222,0.505191,0.540179,0.572033,0.593018,0.603344,0.605443,0.600322,0.587995,0.568253,0.541051,0.507216,0.470513,0.439966,0.423326,0.410888,0.391098,0.374213,0.357,
t=0.29875
0.4,0.436013,0.4719,0.50468,0.539425,0.571253,0.592301,0.602634,0.604695,0.599528,0.587167,0.567406,0.540212,0.506451,0.47,0.439975,0.423873,0.411587,0.391993,0.375464,0.3585,
t=0.3
0.4,0.435826,0.471577,0.504169,0.538669,0.570467,0.591577,0.601918,0.603943,0.598731,0.586334,0.566554,0.539368,0.505684,0.469491,0.439993,0.424422,0.412281,0.392889,0.376715,0.36,
t=0.30125
0.4,0.435638,0.471252,0.50366,0.537911,0.569674,0.590846,0.601198,0.603185,0.597929,0.585497,0.565698,0.53852,0.504916,0.468986,0.440019,0.424973,0.412971,0.393787,0.377965,0.3615,
t=0.3025
0.4,0.435451,0.470924,0.503152,0.537151,0.568874,0.590109,0.600472,0.602424,0.597122,0.584655,0.564837,0.537668,0.504147,0.468485,0.440054,0.425526,0.413657,0.394688,0.379216,0.363,
t=0.30375
0.4,0.435264,0.470595,0.502646,0.536391,0.568067,0.589365,0.599741,0.601657,0.596311,0.583808,0.563972,0.536812,0.503376,0.467989,0.440098,0.42608,0.414337,0.39559,0.380465,0.3645,
t=0.305
0.4,0.435076,0.470264,0.50214,0.535629,0.567254,0.588614,0.599005,0.600886,0.595496,0.582957,0.563102,0.535952,0.502604,0.467498,0.44015,0.426636,0.415014,0.396495,0.381714,0.366,
t=0.30625
0.4,0.434889,0.46993,0.501635,0.534865,0.566435,0.587857,0.598263,0.600111,0.594676,0.582102,0.562227,0.535088,0.50183,0.467011,0.440211,0.427193,0.415686,0.397403,0.382963,0.3675,
t=0.3075
0.4,0.434702,0.469595,0.501131,0.534101,0.565609,0.587092,0.597516,0.599331,0.593851,0.581242,0.561348,0.534221,0.501056,0.46653,0.440281,0.427751,0.416354,0.398312,0.384211,0.369,
t=0.30875
0.4,0.434515,0.469257,0.500628,0.533336,0.564777,0.58632,0.596764,0.598547,0.593022,0.580377,0.560464,0.53335,0.500281,0.466054,0.440359,0.42831,0.417018,0.399224,0.385458,0.3705,
t=0.31
0.4,0.434328,0.468917,0.500126,0.53257,0.563939,0.585542,0.596006,0.597757,0.592189,0.579508,0.559576,0.532475,0.499505,0.465583,0.440446,0.42887,0.417678,0.400139,0.386704,0.372,
t=0.31125
0.4,0.434141,0.468576,0.499625,0.531803,0.563095,0.584756,0.595243,0.596964,0.591351,0.578634,0.558683,0.531596,0.498729,0.465117,0.440541,0.429429,0.418333,0.401056,0.38795,0.3735,
t=0.3125
0.4,0.433954,0.468232,0.499124,0.531036,0.562245,0.583964,0.594474,0.596166,0.590509,0.577755,0.557786,0.530714,0.497952,0.464657,0.440645,0.429989,0.418985,0.401976,0.389195,0.375,
t=0.31375
0.4,0.433768,0.467886,0.498624,0.530268,0.561389,0.583165,0.5937,0.595363,0.589662,0.576873,0.556885,0.529828,0.497175,0.464203,0.440757,0.430548,0.419633,0.402898,0.390439,0.3765,
t=0.315
0.4,0.433582,0.467538,0.498125,0.5295,0.560527,0.582358,0.592921,0.594555,0.588811,0.575985,0.555979,0.528938,0.496398,0.463755,0.440877,0.431107,0.420278,0.403824,0.391682,0.378,
t=0.31625
0.4,0.433396,0.467187,0.497626,0.528732,0.559659,0.581545,0.592135,0.593743,0.587955,0.575093,0.555068,0.528046,0.49562,0.463313,0.441005,0.431665,0.420919,0.404751,0.392924,0.3795,
t=0.3175
0.4,0.43321,0.466835,0.497127,0.527964,0.558785,0.580724,0.591344,0.592927,0.587095,0.574197,0.554153,0.52715,0.494843,0.462878,0.441142,0.432223,0.421557,0.405682,0.394165,0.381,
t=0.31875
0.4,0.433025,0.46648,0.496629,0.527196,0.557906,0.579897,0.590548,0.592105,0.586231,0.573296,0.553234,0.52625,0.494066,0.462448,0.441286,0.432779,0.422191,0.406615,0.395405,0.3825,
t=0.32
0.4,0.43284,0.466124,0.496131,0.526427,0.557022,0.579062,0.589746,0.591279,0.585362,0.572391,0.552311,0.525347,0.493289,0.462026,0.441439,0.433334,0.422822,0.407551,0.396644,0.384,
t=0.32125
0.4,0.432655,0.465765,0.495633,0.525659,0.556132,0.57822,0.588938,0.590449,0.584489,0.571481,0.551383,0.524441,0.492513,0.461609,0.441599,0.433887,0.423451,0.40849,0.397882,0.3855,
t=0.3225
0.4,0.43247,0.465405,0.495136,0.524892,0.555237,0.577371,0.588124,0.589614,0.583611,0.570567,0.550451,0.523532,0.491737,0.4612,0.441767,0.434439,0.424076,0.409431,0.399119,0.387,
t=0.32375
0.4,0.432286,0.465042,0.494638,0.524124,0.554337,0.576515,0.587304,0.588774,0.582729,0.569649,0.549515,0.52262,0.490962,0.460798,0.441943,0.434989,0.424699,0.410375,0.400354,0.3885,
t=0.325
0.4,0.432102,0.464678,0.49414,0.523357,0.553432,0.575652,0.586479,0.587929,0.581843,0.568726,0.548574,0.521705,0.490188,0.460403,0.442126,0.435537,0.425319,0.411322,0.401589,0.39,
t=0.32625
0.4,0.431918,0.464311,0.493643,0.522591,0.552522,0.574782,0.585648,0.58708,0.580952,0.567799,0.54763,0.520787,0.489416,0.460014,0.442316,0.436082,0.425937,0.412272,0.402822,0.3915,
t=0.3275
0.4,0.431735,0.463943,0.493144,0.521825,0.551607,0.573904,0.584811,0.586226,0.580057,0.566867,0.546681,0.519866,0.488644,0.459634,0.442513,0.436625,0.426553,0.413224,0.404054,0.393,
t=0.32875
0.4,0.431552,0.463572,0.492646,0.52106,0.550687,0.57302,0.583968,0.585367,0.579157,0.565931,0.545728,0.518943,0.487874,0.45926,0.442718,0.437166,0.427166,0.414178,0.405285,0.3945,
t=0.33
0.4,0.431369,0.4632,0.492147,0.520296,0.549763,0.572128,0.583119,0.584503,0.578253,0.56499,0.544771,0.518017,0.487105,0.458894,0.442929,0.437704,0.427778,0.415136,0.406515,0.396,
t=0.33125
0.4,0.431186,0.462826,0.491648,0.519532,0.548835,0.571229,0.582264,0.583635,0.577345,0.564046,0.543809,0.517088,0.486338,0.458536,0.443147,0.438238,0.428388,0.416096,0.407744,0.3975,
t=0.3325
0.4,0.431004,0.462451,0.491148,0.518769,0.547902,0.570324,0.581403,0.582762,0.576432,0.563096,0.542844,0.516157,0.485573,0.458186,0.443372,0.43877,0.428997,0.417058,0.408971,0.399,
t=0.33375
0.4,0.430822,0.462073,0.490647,0.518008,0.546965,0.569411,0.580536,0.581884,0.575515,0.562143,0.541875,0.515223,0.48481,0.457843,0.443603,0.439298,0.429604,0.418022,0.410197,0.4005,
t=0.335
0.4,0.43064,0.461694,0.490146,0.517247,0.546024,0.568491,0.579662,0.581001,0.574594,0.561185,0.540902,0.514287,0.484049,0.457509,0.44384,0.439823,0.43021,0.418989,0.411422,0.402,
t=0.33625
0.4,0.430459,0.461313,0.489644,0.516487,0.545079,0.567564,0.578783,0.580114,0.573668,0.560223,0.539924,0.513348,0.48329,0.457182,0.444083,0.440345,0.430815,0.419959,0.412646,0.4035,
t=0.3375
0.4,0.430278,0.460931,0.489141,0.515729,0.54413,0.566629,0.577897,0.579221,0.572738,0.559257,0.538943,0.512408,0.482534,0.456864,0.444332,0.440863,0.431419,0.42093,0.413869,0.405,
t=0.33875
0.4,0.430097,0.460547,0.488637,0.514971,0.543177,0.565688,0.577006,0.578324,0.571803,0.558286,0.537958,0.511465,0.48178,0.456554,0.444587,0.441377,0.432023,0.421904,0.415091,0.4065,
t=0.34
0.4,0.429916,0.460162,0.488131,0.514215,0.542221,0.56474,0.576108,0.577421,0.570864,0.557311,0.536969,0.51052,0.48103,0.456252,0.444847,0.441888,0.432626,0.42288,0.416311,0.408,
t=0.34125
0.4,0.429735,0.459775,0.487625,0.51346,0.541261,0.563785,0.575203,0.576514,0.569921,0.556332,0.535977,0.509574,0.480282,0.455958,0.445112,0.442394,0.433228,0.423857,0.417531,0.4095,
t=0.3425
0.4,0.429555,0.459387,0.487117,0.512706,0.540298,0.562823,0.574293,0.575602,0.568973,0.555349,0.53498,0.508626,0.479537,0.455673,0.445383,0.442896,0.433831,0.424837,0.418749,0.411,
t=0.34375
0.4,0.429375,0.458998,0.486608,0.511954,0.539332,0.561854,0.573376,0.574685,0.568021,0.554361,0.53398,0.507675,0.478795,0.455396,0.445658,0.443395,0.434434,0.425818,0.419967,0.4125,
t=0.345
0.4,0.429195,0.458607,0.486098,0.511202,0.538363,0.560878,0.572452,0.573763,0.567064,0.55337,0.532976,0.506724,0.478057,0.455128,0.445938,0.443889,0.435037,0.426802,0.421183,0.414,
t=0.34625
0.4,0.429015,0.458215,0.485586,0.510452,0.537391,0.559896,0.571523,0.572836,0.566103,0.552374,0.531968,0.505771,0.477323,0.454869,0.446223,0.444379,0.43564,0.427786,0.422398,0.4155,
t=0.3475
0.4,0.428835,0.457822,0.485073,0.509704,0.536417,0.558906,0.570587,0.571904,0.565138,0.551374,0.530957,0.504816,0.476592,0.454618,0.446512,0.444864,0.436244,0.428773,0.423613,0.417,
t=0.34875
0.4,0.428656,0.457428,0.484558,0.508956,0.535439,0.55791,0.569644,0.570967,0.564169,0.550369,0.529942,0.50386,0.475865,0.454376,0.446805,0.445345,0.436848,0.42976,0.424826,0.4185,
t=0.35
0.4,0.428476,0.457033,0.484041,0.50821,0.534459,0.556907,0.568695,0.570025,0.563195,0.549361,0.528924,0.502903,0.475143,0.454142,0.447101,0.445822,0.437454,0.43075,0.426039,0.42,
t=0.35125
0.4,0.428296,0.456637,0.483522,0.507465,0.533477,0.555898,0.567739,0.569077,0.562216,0.548348,0.527902,0.501945,0.474424,0.453917,0.447402,0.446294,0.43806,0.43174,0.427251,0.4215,
t=0.3525
0.4,0.428117,0.45624,0.483002,0.506722,0.532493,0.554881,0.566777,0.568125,0.561234,0.547332,0.526877,0.500986,0.47371,0.453701,0.447705,0.446762,0.438668,0.432731,0.428462,0.423,
t=0.35375
0.4,0.427937,0.455842,0.482479,0.50598,0.531506,0.553859,0.565808,0.567167,0.560246,0.546311,0.525848,0.500026,0.473,0.453494,0.448012,0.447226,0.439277,0.433724,0.429672,0.4245,
t=0.355
0.4,0.427758,0.455443,0.481955,0.505239,0.530517,0.552829,0.564832,0.566205,0.559255,0.545286,0.524816,0.499065,0.472295,0.453295,0.448322,0.447685,0.439887,0.434717,0.430882,0.426,
t=0.35625
0.4,0.427578,0.455044,0.481429,0.504499,0.529527,0.551794,0.56385,0.565237,0.558259,0.544257,0.523781,0.498104,0.471595,0.453106,0.448634,0.448139,0.4405,0.435712,0.43209,0.4275,
t=0.3575
0.4,0.427399,0.454644,0.4809,0.503761,0.528535,0.550752,0.562861,0.564263,0.557259,0.543224,0.522742,0.497142,0.4709,0.452925,0.448949,0.448589,0.441114,0.436707,0.433299,0.429,
t=0.35875
0.4,0.427219,0.454243,0.48037,0.503023,0.527541,0.549703,0.561866,0.563285,0.556254,0.542187,0.521701,0.496179,0.47021,0.452752,0.449266,0.449035,0.441729,0.437703,0.434507,0.4305,
t=0.36
0.4,0.427039,0.453842,0.479837,0.502287,0.526546,0.548649,0.560864,0.562301,0.555245,0.541146,0.520656,0.495217,0.469526,0.452589,0.449586,0.449476,0.442347,0.438699,0.435714,0.432,
t=0.36125
0.4,0.426859,0.45344,0.479302,0.501552,0.525549,0.547588,0.559855,0.561312,0.554232,0.540101,0.519608,0.494254,0.468847,0.452434,0.449907,0.449913,0.442967,0.439695,0.436921,0.4335,
t=0.3625
0.4,0.426679,0.453038,0.478765,0.500818,0.524551,0.546521,0.558839,0.560318,0.553214,0.539052,0.518557,0.493291,0.468173,0.452288,0.450229,0.450345,0.44359,0.440692,0.438127,0.435,
t=0.36375
0.4,0.426498,0.452635,0.478226,0.500085,0.523552,0.545448,0.557816,0.559318,0.552191,0.538,0.517503,0.492329,0.467506,0.45215,0.450553,0.450773,0.444215,0.441689,0.439333,0.4365,
t=0.365
0.4,0.426318,0.452232,0.477684,0.499353,0.522552,0.544369,0.556787,0.558313,0.551165,0.536943,0.516446,0.491366,0.466844,0.452022,0.450878,0.451197,0.444842,0.442687,0.440539,0.438,
t=0.36625
0.4,0.426137,0.451829,0.47714,0.498623,0.521552,0.543284,0.555751,0.557303,0.550134,0.535882,0.515386,0.490404,0.466188,0.451901,0.451204,0.451617,0.445472,0.443684,0.441744,0.4395,
t=0.3675
0.4,0.425956,0.451426,0.476593,0.497893,0.52055,0.542194,0.554708,0.556287,0.549098,0.534817,0.514323,0.489442,0.465539,0.451789,0.451531,0.452032,0.446104,0.444681,0.44295,0.441,
t=0.36875
0.4,0.425774,0.451022,0.476044,0.497163,0.519548,0.541097,0.553658,0.555265,0.548058,0.533749,0.513258,0.488481,0.464896,0.451686,0.451858,0.452444,0.44674,0.445678,0.444155,0.4425,
t=0.37
0.4,0.425592,0.450618,0.475493,0.496435,0.518545,0.539995,0.552602,0.554238,0.547014,0.532676,0.51219,0.487521,0.464259,0.451591,0.452186,0.452852,0.447378,0.446675,0.44536,0.444,
t=0.37125
0.4,0.42541,0.450214,0.474939,0.495707,0.517542,0.538888,0.551538,0.553206,0.545965,0.5316,0.511119,0.486561,0.463629,0.451504,0.452513,0.453255,0.44802,0.447671,0.446565,0.4455,
t=0.3725
0.4,0.425228,0.449811,0.474383,0.49498,0.516539,0.537775,0.550468,0.552168,0.544912,0.53052,0.510046,0.485603,0.463005,0.451426,0.452841,0.453655,0.448664,0.448667,0.44777,0.447,
t=0.37375
0.4,0.425045,0.449407,0.473824,0.494254,0.515535,0.536657,0.549391,0.551124,0.543854,0.529436,0.50897,0.484646,0.462389,0.451355,0.453168,0.454052,0.449312,0.449662,0.448975,0.4485,
t=0.375
0.4,0.424861,0.449003,0.473263,0.493528,0.514532,0.535533,0.548307,0.550075,0.542792,0.528348,0.507892,0.48369,0.46178,0.451293,0.453494,0.454445,0.449962,0.450657,0.450181,0.45,
t=0.37625
0.4,0.424678,0.448599,0.472699,0.492803,0.513528,0.534405,0.547216,0.54902,0.541725,0.527257,0.506812,0.482735,0.461177,0.451238,0.45382,0.454834,0.450616,0.45165,0.451386,0.4515,
t=0.3775
0.4,0.424493,0.448195,0.472133,0.492078,0.512524,0.533271,0.546118,0.547959,0.540654,0.526162,0.505729,0.481782,0.460582,0.451192,0.454144,0.455221,0.451273,0.452643,0.452592,0.453,
t=0.37875
0.4,0.424309,0.447792,0.471564,0.491353,0.511521,0.532133,0.545013,0.546893,0.539578,0.525063,0.504644,0.480831,0.459995,0.451153,0.454468,0.455604,0.451934,0.453636,0.453798,0.4545,
t=0.38
0.4,0.424123,0.447388,0.470993,0.490629,0.510518,0.530989,0.543902,0.54582,0.538498,0.52396,0.503557,0.479882,0.459415,0.451121,0.45479,0.455984,0.452598,0.454627,0.455004,0.456,
t=0.38125
0.4,0.423938,0.446985,0.470419,0.489905,0.509515,0.529841,0.542783,0.544743,0.537413,0.522854,0.502468,0.478934,0.458842,0.451097,0.45511,0.456361,0.453265,0.455617,0.456211,0.4575,
t=0.3825
0.4,0.423751,0.446582,0.469843,0.48918,0.508513,0.528688,0.541658,0.543659,0.536324,0.521744,0.501377,0.477989,0.458277,0.451081,0.455429,0.456736,0.453936,0.456606,0.457418,0.459,
t=0.38375
0.4,0.423564,0.446179,0.469264,0.488456,0.507511,0.527531,0.540526,0.542569,0.53523,0.520631,0.500284,0.477046,0.45772,0.451072,0.455746,0.457108,0.45461,0.457594,0.458626,0.4605,
t=0.385
0.4,0.423377,0.445777,0.468683,0.487732,0.50651,0.52637,0.539387,0.541474,0.534132,0.519514,0.49919,0.476106,0.457171,0.451069,0.456061,0.457477,0.455288,0.458581,0.459834,0.462,
t=0.38625
0.4,0.423189,0.445375,0.468099,0.487007,0.505509,0.525204,0.538241,0.540373,0.533029,0.518393,0.498093,0.475168,0.45663,0.451074,0.456373,0.457845,0.455969,0.459566,0.461043,0.4635,
t=0.3875
0.4,0.423,0.444973,0.467513,0.486283,0.504509,0.524034,0.537089,0.539265,0.531922,0.517269,0.496995,0.474233,0.456097,0.451086,0.456684,0.45821,0.456653,0.46055,0.462252,0.465,
t=0.38875
0.4,0.42281,0.444572,0.466925,0.485558,0.50351,0.522859,0.535929,0.538152,0.53081,0.516141,0.495895,0.473301,0.455573,0.451104,0.456991,0.458573,0.457341,0.461533,0.463462,0.4665,
t=0.39
0.4,0.42262,0.444171,0.466335,0.484832,0.502512,0.521681,0.534763,0.537033,0.529693,0.51501,0.494794,0.472371,0.455056,0.451128,0.457296,0.458935,0.458032,0.462514,0.464673,0.468,
t=0.39125
0.4,0.42243,0.44377,0.465742,0.484106,0.501515,0.5205,0.53359,0.535908,0.528572,0.513875,0.493692,0.471445,0.454548,0.451159,0.457598,0.459295,0.458726,0.463494,0.465884,0.4695,
t=0.3925
0.4,0.422238,0.44337,0.465147,0.48338,0.500519,0.519314,0.53241,0.534777,0.527446,0.512737,0.492588,0.470523,0.454049,0.451196,0.457898,0.459653,0.459424,0.464472,0.467096,0.471,
t=0.39375
0.4,0.422046,0.44297,0.464549,0.482652,0.499524,0.518125,0.531224,0.53364,0.526316,0.511596,0.491483,0.469604,0.453558,0.451239,0.458194,0.460011,0.460126,0.465449,0.468309,0.4725,
t=0.395
0.4,0.421853,0.442571,0.46395,0.481924,0.49853,0.516932,0.530031,0.532496,0.525181,0.510451,0.490377,0.468688,0.453075,0.451288,0.458487,0.460367,0.46083,0.466425,0.469523,0.474,
t=0.39625
0.4,0.42166,0.442172,0.463348,0.481195,0.497537,0.515737,0.528831,0.531347,0.524041,0.509303,0.48927,0.467776,0.452601,0.451343,0.458776,0.460722,0.461538,0.467398,0.470738,0.4755,
t=0.3975
0.4,0.421465,0.441773,0.462744,0.480466,0.496545,0.514538,0.527625,0.530191,0.522897,0.508151,0.488162,0.466869,0.452136,0.451402,0.459062,0.461077,0.462248,0.468371,0.471953,0.477,
t=0.39875
0.4,0.42127,0.441375,0.462139,0.479735,0.495554,0.513335,0.526412,0.529029,0.521748,0.506997,0.487053,0.465965,0.451679,0.451468,0.459345,0.461431,0.462962,0.469341,0.47317,0.4785,
t=0.4
0.4,0.421075,0.440977,0.461531,0.479003,0.494565,0.51213,0.525192,0.527862,0.520595,0.505839,0.485944,0.465065,0.451232,0.451538,0.459624,0.461785,0.463679,0.47031,0.474387,0.48,
t=0.40125
0.4,0.420878,0.44058,0.460921,0.47827,0.493577,0.510923,0.523966,0.526687,0.519436,0.504677,0.484833,0.46417,0.450793,0.451613,0.459899,0.462138,0.464399,0.471278,0.475606,0.4815,
t=0.4025
0.4,0.420681,0.440183,0.46031,0.477535,0.49259,0.509712,0.522734,0.525507,0.518274,0.503513,0.483723,0.46328,0.450363,0.451692,0.460171,0.462492,0.465122,0.472243,0.476825,0.483,
t=0.40375
0.4,0.420483,0.439787,0.459696,0.476799,0.491605,0.508499,0.521495,0.52432,0.517106,0.502345,0.482612,0.462394,0.449942,0.451777,0.460438,0.462846,0.465848,0.473208,0.478046,0.4845,
t=0.405
0.4,0.420285,0.43939,0.459081,0.476062,0.49062,0.507283,0.52025,0.523128,0.515934,0.501175,0.4815,0.461513,0.44953,0.451865,0.460702,0.4632,0.466576,0.47417,0.479267,0.486,
t=0.40625
0.4,0.420085,0.438995,0.458464,0.475323,0.489637,0.506066,0.518998,0.521928,0.514756,0.500001,0.480389,0.460637,0.449127,0.451958,0.460962,0.463555,0.467307,0.475131,0.480489,0.4875,
t=0.4075
0.4,0.419885,0.438599,0.457846,0.474583,0.488656,0.504845,0.517741,0.520723,0.513575,0.498824,0.479277,0.459767,0.448733,0.452054,0.461218,0.46391,0.46804,0.476091,0.481713,0.489,
t=0.40875
0.4,0.419684,0.438204,0.457226,0.473841,0.487676,0.503623,0.516477,0.519511,0.512388,0.497644,0.478166,0.458901,0.448347,0.452154,0.461469,0.464266,0.468776,0.477049,0.482937,0.4905,
t=0.41
0.4,0.419483,0.437809,0.456605,0.473097,0.486697,0.502399,0.515207,0.518293,0.511197,0.496462,0.477054,0.458041,0.447971,0.452257,0.461717,0.464624,0.469515,0.478005,0.484163,0.492,
t=0.41125
0.4,0.41928,0.437415,0.455982,0.472352,0.485719,0.501174,0.51393,0.517068,0.510001,0.495276,0.475943,0.457187,0.447604,0.452364,0.46196,0.464982,0.470255,0.47896,0.485389,0.4935,
t=0.4125
0.4,0.419077,0.43702,0.455357,0.471604,0.484743,0.499946,0.512648,0.515837,0.5088,0.494088,0.474832,0.456338,0.447246,0.452474,0.4622,0.465343,0.470998,0.479914,0.486617,0.495,
t=0.41375
0.4,0.418874,0.436626,0.454732,0.470855,0.483768,0.498717,0.51136,0.5146,0.507594,0.492896,0.473721,0.455495,0.446896,0.452586,0.462435,0.465704,0.471742,0.480866,0.487846,0.4965,
t=0.415
0.4,0.418669,0.436233,0.454105,0.470104,0.482794,0.497486,0.510066,0.513356,0.506383,0.491702,0.472612,0.454658,0.446556,0.452701,0.462666,0.466068,0.472489,0.481817,0.489075,0.498,
t=0.41625
0.4,0.418464,0.435839,0.453477,0.46935,0.481821,0.496254,0.508766,0.512106,0.505168,0.490505,0.471503,0.453828,0.446224,0.452819,0.462894,0.466433,0.473238,0.482767,0.490306,0.4995,
t=0.4175
0.4,0.418258,0.435446,0.452848,0.468595,0.48085,0.495021,0.507461,0.51085,0.503948,0.489305,0.470394,0.453003,0.445902,0.452939,0.463117,0.4668,0.473988,0.483715,0.491538,0.501,
t=0.41875
0.4,0.418052,0.435052,0.452217,0.467837,0.47988,0.493787,0.50615,0.509587,0.502723,0.488103,0.469287,0.452185,0.445588,0.45306,0.463336,0.46717,0.474739,0.484662,0.492771,0.5025,
t=0.42
0.4,0.417845,0.434659,0.451586,0.467077,0.478911,0.492552,0.504833,0.508317,0.501493,0.486898,0.468181,0.451374,0.445283,0.453184,0.463551,0.467541,0.475493,0.485609,0.494005,0.504,
t=0.42125
0.4,0.417637,0.434266,0.450954,0.466315,0.477943,0.491316,0.503511,0.507041,0.500258,0.485691,0.467076,0.450569,0.444987,0.453309,0.463762,0.467916,0.476247,0.486554,0.495239,0.5055,
t=0.4225
0.4,0.417429,0.433873,0.450321,0.46555,0.476977,0.49008,0.502183,0.505759,0.499019,0.484481,0.465972,0.449772,0.444699,0.453435,0.463969,0.468293,0.477003,0.487498,0.496475,0.507,
t=0.42375
0.4,0.41722,0.43348,0.449688,0.464783,0.476011,0.488842,0.50085,0.50447,0.497774,0.483268,0.46487,0.448981,0.44442,0.453562,0.464172,0.468672,0.47776,0.488441,0.497712,0.5085,
t=0.425
0.4,0.41701,0.433087,0.449054,0.464014,0.475046,0.487604,0.499512,0.503175,0.496525,0.482053,0.463769,0.448197,0.44415,0.453691,0.464371,0.469055,0.478518,0.489383,0.49895,0.51,
t=0.42625
0.4,0.4168,0.432694,0.448419,0.463242,0.474082,0.486366,0.498168,0.501873,0.495271,0.480836,0.46267,0.44742,0.443888,0.45382,0.464567,0.46944,0.479277,0.490324,0.500188,0.5115,
t=0.4275
0.4,0.416589,0.4323,0.447783,0.462467,0.47312,0.485128,0.49682,0.500565,0.494012,0.479616,0.461573,0.446651,0.443634,0.453949,0.464759,0.469829,0.480036,0.491265,0.501428,0.513,
t=0.42875
0.4,0.416378,0.431907,0.447147,0.461691,0.472158,0.483889,0.495467,0.499251,0.492748,0.478394,0.460477,0.445889,0.443389,0.454079,0.464947,0.470221,0.480797,0.492205,0.502669,0.5145,
t=0.43
0.4,0.416166,0.431513,0.446511,0.460911,0.471197,0.48265,0.494108,0.49793,0.491479,0.47717,0.459384,0.445135,0.443152,0.454209,0.465132,0.470616,0.481557,0.493144,0.50391,0.516,
t=0.43125
0.4,0.415954,0.431119,0.445874,0.460129,0.470236,0.481411,0.492745,0.496602,0.490205,0.475944,0.458293,0.444388,0.442924,0.454339,0.465313,0.471014,0.482318,0.494083,0.505152,0.5175,
t=0.4325
0.4,0.415741,0.430725,0.445237,0.459345,0.469276,0.480173,0.491377,0.495268,0.488926,0.474715,0.457205,0.44365,0.442703,0.454468,0.465491,0.471416,0.48308,0.495021,0.506395,0.519,
t=0.43375
0.4,0.415527,0.430331,0.444599,0.458557,0.468317,0.478934,0.490005,0.493928,0.487643,0.473485,0.456118,0.442919,0.44249,0.454597,0.465666,0.471822,0.483841,0.495959,0.507639,0.5205,
t=0.435
0.4,0.415314,0.429936,0.443962,0.457768,0.467359,0.477696,0.488628,0.492582,0.486354,0.472252,0.455035,0.442196,0.442285,0.454726,0.465838,0.472231,0.484603,0.496897,0.508883,0.522,
t=0.43625
0.4,0.4151,0.429541,0.443324,0.456975,0.4664,0.476458,0.487247,0.491229,0.485061,0.471018,0.453954,0.441481,0.442088,0.454854,0.466007,0.472644,0.485365,0.497835,0.510128,0.5235,
t=0.4375
0.4,0.414885,0.429146,0.442686,0.45618,0.465443,0.47522,0.485862,0.48987,0.483762,0.469782,0.452876,0.440774,0.441898,0.45498,0.466173,0.473061,0.486126,0.498772,0.511374,0.525,
t=0.43875
0.4,0.41467,0.42875,0.442048,0.455382,0.464485,0.473984,0.484472,0.488504,0.482459,0.468543,0.451801,0.440076,0.441716,0.455106,0.466336,0.473482,0.486887,0.499709,0.51262,0.5265,
t=0.44
0.4,0.414455,0.428353,0.441411,0.454582,0.463528,0.472747,0.483079,0.487132,0.481151,0.467303,0.450729,0.439385,0.441542,0.45523,0.466497,0.473907,0.487648,0.500647,0.513867,0.528,
t=0.44125
0.4,0.414239,0.427956,0.440773,0.453779,0.462571,0.471512,0.481681,0.485754,0.479838,0.466062,0.449661,0.438704,0.441374,0.455352,0.466656,0.474335,0.488408,0.501585,0.515115,0.5295,
t=0.4425
0.4,0.414023,0.427559,0.440135,0.452973,0.461614,0.470277,0.48028,0.484369,0.478519,0.464819,0.448596,0.438031,0.441213,0.455473,0.466812,0.474768,0.489168,0.502522,0.516363,0.531,
t=0.44375
0.4,0.413806,0.427161,0.439498,0.452165,0.460657,0.469043,0.478875,0.482979,0.477196,0.463574,0.447534,0.437366,0.44106,0.455592,0.466966,0.475204,0.489927,0.503461,0.517612,0.5325,
t=0.445
0.4,0.41359,0.426762,0.438861,0.451354,0.4597,0.46781,0.477466,0.481582,0.475869,0.462327,0.446476,0.43671,0.440913,0.45571,0.467118,0.475645,0.490686,0.504399,0.518861,0.534,
t=0.44625
0.4,0.413373,0.426362,0.438224,0.450541,0.458743,0.466578,0.476054,0.480179,0.474536,0.461079,0.445422,0.436063,0.440773,0.455825,0.467268,0.47609,0.491443,0.505338,0.520111,0.5355,
t=0.4475
0.4,0.413156,0.425962,0.437587,0.449725,0.457786,0.465347,0.474639,0.47877,0.473198,0.45983,0.444372,0.435425,0.440639,0.455937,0.467417,0.476538,0.4922,0.506278,0.521361,0.537,
t=0.44875
0.4,0.412938,0.425561,0.436951,0.448906,0.456828,0.464117,0.47322,0.477355,0.471856,0.45858,0.443326,0.434795,0.440512,0.456048,0.467564,0.476991,0.492956,0.507218,0.522611,0.5385,
t=0.45
0.4,0.412721,0.42516,0.436315,0.448085,0.45587,0.462888,0.471799,0.475934,0.470508,0.457328,0.442284,0.434175,0.44039,0.456156,0.46771,0.477448,0.49371,0.508159,0.523861,0.54,
t=0.45125
0.4,0.412503,0.424757,0.435679,0.447261,0.454911,0.46166,0.470374,0.474507,0.469156,0.456075,0.441246,0.433563,0.440275,0.456261,0.467855,0.477909,0.494464,0.5091,0.525112,0.5415,
t=0.4525
0.4,0.412285,0.424354,0.435044,0.446435,0.453952,0.460434,0.468946,0.473074,0.467799,0.454821,0.440213,0.43296,0.440166,0.456363,0.467999,0.478374,0.495216,0.510043,0.526363,0.543,
t=0.45375
0.4,0.412067,0.42395,0.434409,0.445607,0.452993,0.459209,0.467516,0.471635,0.466437,0.453566,0.439184,0.432367,0.440062,0.456463,0.468142,0.478844,0.495967,0.510986,0.527615,0.5445,
t=0.455
0.4,0.411849,0.423545,0.433775,0.444776,0.452032,0.457985,0.466083,0.47019,0.46507,0.45231,0.438161,0.431782,0.439963,0.45656,0.468284,0.479317,0.496717,0.511931,0.528866,0.546,
t=0.45625
0.4,0.411631,0.423139,0.433141,0.443943,0.451071,0.456762,0.464648,0.468739,0.463699,0.451053,0.437142,0.431207,0.43987,0.456653,0.468426,0.479794,0.497465,0.512876,0.530118,0.5475,
t=0.4575
0.4,0.411413,0.422732,0.432507,0.443107,0.450109,0.455541,0.46321,0.467283,0.462323,0.449796,0.436128,0.43064,0.439782,0.456744,0.468568,0.480275,0.498212,0.513823,0.531369,0.549,
t=0.45875
0.4,0.411194,0.422324,0.431874,0.44227,0.449145,0.454321,0.46177,0.465821,0.460942,0.448537,0.435119,0.430083,0.439699,0.456831,0.468709,0.48076,0.498957,0.514771,0.532621,0.5505,
t=0.46
0.4,0.410976,0.421915,0.431242,0.44143,0.448181,0.453103,0.460328,0.464354,0.459556,0.447278,0.434115,0.429535,0.43962,0.456915,0.468851,0.481249,0.499701,0.51572,0.533873,0.552,
t=0.46125
0.4,0.410758,0.421505,0.43061,0.440588,0.447216,0.451886,0.458884,0.462881,0.458166,0.446019,0.433117,0.428996,0.439546,0.456996,0.468993,0.481741,0.500444,0.516671,0.535125,0.5535,
t=0.4625
0.4,0.410539,0.421095,0.429979,0.439743,0.446249,0.450671,0.457437,0.461403,0.456771,0.444759,0.432124,0.428467,0.439476,0.457073,0.469136,0.482238,0.501185,0.517623,0.536376,0.555,
t=0.46375
0.4,0.410321,0.420683,0.429349,0.438897,0.445281,0.449457,0.45599,0.459919,0.455371,0.443498,0.431137,0.427946,0.439411,0.457147,0.469279,0.482738,0.501924,0.518576,0.537628,0.5565,
t=0.465
0.4,0.410102,0.42027,0.428718,0.438049,0.444312,0.448244,0.45454,0.45843,0.453967,0.442238,0.430156,0.427435,0.439349,0.457217,0.469423,0.483241,0.502662,0.519531,0.538879,0.558,
t=0.46625
0.4,0.409884,0.419856,0.428089,0.437199,0.443341,0.447033,0.453089,0.456935,0.452558,0.440977,0.42918,0.426933,0.439291,0.457284,0.469568,0.483748,0.503398,0.520487,0.540131,0.5595,
t=0.4675
0.4,0.409666,0.41944,0.42746,0.436347,0.442369,0.445824,0.451637,0.455436,0.451145,0.439716,0.428211,0.426439,0.439237,0.457347,0.469714,0.484259,0.504132,0.521445,0.541382,0.561,
t=0.46875
0.4,0.409447,0.419024,0.426831,0.435493,0.441395,0.444616,0.450184,0.453931,0.449727,0.438455,0.427247,0.425955,0.439186,0.457406,0.469862,0.484773,0.504865,0.522405,0.542633,0.5625,
t=0.47
0.4,0.409229,0.418607,0.426203,0.434638,0.440419,0.443409,0.448729,0.452422,0.448305,0.437194,0.42629,0.425481,0.439138,0.457462,0.470011,0.48529,0.505597,0.523366,0.543884,0.564,
t=0.47125
0.4,0.409011,0.418188,0.425576,0.43378,0.439442,0.442204,0.447273,0.450908,0.446879,0.435933,0.425339,0.425015,0.439092,0.457515,0.470161,0.48581,0.506326,0.524329,0.545134,0.5655,
t=0.4725
0.4,0.408793,0.417769,0.424949,0.432922,0.438463,0.441,0.445816,0.449389,0.445448,0.434672,0.424394,0.424558,0.43905,0.457564,0.470314,0.486333,0.507055,0.525294,0.546384,0.567,
t=0.47375
0.4,0.408575,0.417348,0.424323,0.432061,0.437482,0.439798,0.444359,0.447865,0.444013,0.433412,0.423456,0.42411,0.43901,0.457609,0.470469,0.486859,0.507781,0.526261,0.547634,0.5685,
t=0.475
0.4,0.408358,0.416926,0.423697,0.4312,0.436499,0.438597,0.442901,0.446336,0.442574,0.432152,0.422525,0.423671,0.438973,0.45765,0.470626,0.487388,0.508506,0.527229,0.548884,0.57,
t=0.47625
0.4,0.40814,0.416503,0.423071,0.430337,0.435514,0.437398,0.441442,0.444803,0.44113,0.430892,0.4216,0.423241,0.438937,0.457688,0.470785,0.48792,0.50923,0.528199,0.550133,0.5715,
t=0.4775
0.4,0.407923,0.416079,0.422446,0.429472,0.434527,0.436199,0.439983,0.443266,0.439683,0.429633,0.420682,0.422819,0.438904,0.457723,0.470947,0.488454,0.509952,0.529171,0.551382,0.573,
t=0.47875
0.4,0.407705,0.415654,0.421821,0.428607,0.433538,0.435003,0.438524,0.441724,0.438231,0.428375,0.419771,0.422407,0.438872,0.457754,0.471111,0.488991,0.510673,0.530145,0.552631,0.5745,
t=0.48
0.4,0.407488,0.415228,0.421197,0.42774,0.432547,0.433807,0.437065,0.440179,0.436776,0.427118,0.418867,0.422003,0.438842,0.457781,0.471278,0.48953,0.511392,0.531121,0.553879,0.576,
t=0.48125
0.4,0.407271,0.4148,0.420573,0.426872,0.431553,0.432613,0.435605,0.438629,0.435316,0.425861,0.417971,0.421607,0.438813,0.457806,0.471449,0.490072,0.51211,0.532099,0.555126,0.5775,
t=0.4825
0.4,0.407054,0.414372,0.41995,0.426003,0.430557,0.43142,0.434145,0.437075,0.433853,0.424605,0.417081,0.42122,0.438785,0.457826,0.471622,0.490615,0.512827,0.533078,0.556374,0.579,
t=0.48375
0.4,0.406838,0.413942,0.419327,0.425133,0.429559,0.430228,0.432686,0.435517,0.432386,0.423351,0.416199,0.420842,0.438758,0.457844,0.471799,0.491161,0.513543,0.53406,0.557621,0.5805,
t=0.485
0.4,0.406621,0.413512,0.418704,0.424263,0.428559,0.429037,0.431227,0.433956,0.430915,0.422098,0.415324,0.420471,0.438732,0.457858,0.471979,0.491708,0.514257,0.535043,0.558867,0.582,
t=0.48625
0.4,0.406405,0.41308,0.418081,0.423391,0.427556,0.427847,0.429768,0.432391,0.429441,0.420846,0.414456,0.420109,0.438706,0.457869,0.472162,0.492258,0.51497,0.536029,0.560113,0.5835,
t=0.4875
0.4,0.406189,0.412647,0.417458,0.422519,0.426551,0.426658,0.428309,0.430822,0.427963,0.419595,0.413596,0.419755,0.438681,0.457877,0.472349,0.492809,0.515682,0.537016,0.561359,0.585,
t=0.48875
0.4,0.405973,0.412213,0.416836,0.421646,0.425543,0.425471,0.426851,0.429251,0.426482,0.418346,0.412744,0.419409,0.438655,0.457883,0.47254,0.493361,0.516394,0.538005,0.562604,0.5865,
t=0.49
0.4,0.405757,0.411779,0.416213,0.420773,0.424533,0.424284,0.425394,0.427675,0.424997,0.417098,0.411899,0.419071,0.43863,0.457885,0.472735,0.493915,0.517104,0.538996,0.563849,0.588,
t=0.49125
0.4,0.405541,0.411343,0.415591,0.419899,0.42352,0.423098,0.423937,0.426097,0.423509,0.415852,0.411062,0.418741,0.438605,0.457884,0.472934,0.49447,0.517814,0.539989,0.565093,0.5895,
t=0.4925
0.4,0.405326,0.410906,0.414969,0.419024,0.422505,0.421913,0.422482,0.424516,0.422018,0.414608,0.410233,0.418418,0.438579,0.457881,0.473136,0.495026,0.518522,0.540983,0.566337,0.591,
t=0.49375
0.4,0.405111,0.410468,0.414347,0.41815,0.421487,0.420728,0.421027,0.422932,0.420524,0.413366,0.409412,0.418103,0.438553,0.457876,0.473343,0.495583,0.519231,0.54198,0.567581,0.5925,
t=0.495
0.4,0.404895,0.41003,0.413725,0.417275,0.420467,0.419544,0.419573,0.421345,0.419026,0.412126,0.408599,0.417795,0.438526,0.457868,0.473554,0.496141,0.519938,0.542978,0.568824,0.594,
t=0.49625
0.4,0.40468,0.40959,0.413102,0.4164,0.419444,0.418361,0.41812,0.419756,0.417526,0.410888,0.407793,0.417494,0.438498,0.457857,0.47377,0.4967,0.520645,0.543978,0.570066,0.5955,
t=0.4975
0.4,0.404465,0.40915,0.41248,0.415524,0.418419,0.417178,0.416669,0.418165,0.416024,0.409652,0.406996,0.4172,0.438469,0.457845,0.47399,0.497259,0.521352,0.54498,0.571308,0.597,
t=0.49875
0.4,0.404251,0.408708,0.411857,0.414649,0.417391,0.415996,0.415219,0.416571,0.414518,0.408418,0.406206,0.416914,0.438439,0.457831,0.474214,0.497819,0.522059,0.545983,0.57255,0.5985,
t=0.5
0.4,0.404036,0.408266,0.411234,0.413773,0.41636,0.414814,0.41377,0.414975,0.41301,0.407187,0.405425,0.416634,0.438408,0.457814,0.474443,0.49838,0.522765,0.546988,0.573792,0.6,