0
0
0
0
0
2
3543
10453
8945
8030
7296
6799
6246
5709
5115
4845
4562
4256
3787
3687
3357
3103
2904
2615
2458
2279
2195
2044
1954
1758
1595
1634
1533
1354
1270
1261
1131
1118
1017
995
969
895
830
832
760
744
719
692
686
630
654
575
566
492
501
474
515
457
462
466
456
435
376
396
410
343
353
364
338
334
308
282
309
313
282
279
283
305
276
246
279
272
254
237
230
239
179
218
224
194
218
177
200
197
192
187
190
209
183
172
172
202
164
179
141
146
162
162
147
159
164
125
147
145
128
157
126
124
133
142
129
135
129
153
130
133
112
131
108
110
98
126
104
102
87
114
93
87
92
116
89
92
84
95
96
90
90
106
83
81
77
95
70
83
75
90
75
91
87
79
78
69
89
79
80
82
70
78
78
79
65
88
72
81
89
80
66
58
53
66
80
56
69
77
64
50
57
54
52
57
53
44
50
44
36
47
52
55
46
40
47
50
46
50
50
54
46
48
53
50
40
39
39
36
39
40
34
39
39
38
42
36
33
26
29
24
39
28
49
39
36
33
40
32
39
40
32
36
28
40
29
41
21
29
31
32
39
38
38
38
26
48
31
35
28
28
