0
0
0
0
0
1
3434
9769
8487
7866
7150
6553
5897
5496
5140
4830
4402
4003
3698
3480
3302
3002
2659
2462
2359
2312
2116
2001
1873
1669
1600
1501
1463
1326
1284
1257
1167
1018
1028
944
936
872
818
788
771
734
672
658
643
622
589
548
585
506
495
481
450
500
445
427
457
407
409
352
352
361
380
351
340
324
366
309
337
283
280
288
287
263
262
233
250
253
227
249
260
232
208
214
211
197
185
187
204
172
194
199
169
178
162
203
170
165
175
156
153
178
156
155
143
148
183
152
152
126
134
136
126
129
118
123
129
123
110
115
100
110
124
118
120
116
103
101
125
121
110
122
108
94
104
94
101
93
103
115
106
80
86
100
82
89
106
95
81
111
95
66
86
71
75
76
95
79
75
73
81
81
91
78
76
66
72
69
80
78
70
77
82
53
65
73
78
67
52
56
61
55
63
62
67
75
47
53
61
57
43
52
37
56
30
40
66
50
59
43
51
55
48
53
55
39
57
40
44
34
53
52
45
42
47
37
46
39
37
44
40
43
37
47
37
42
35
37
38
41
43
27
33
47
25
35
31
43
28
42
38
43
38
39
32
39
29
22
32
34
37
34
