0
0
0
0
0
5
4055
12044
10948
10468
10129
9461
8699
7992
7316
6739
6383
6109
5879
5453
5418
5139
4958
4624
4721
4293
4008
3782
3703
3572
3367
3256
3066
3005
2974
2699
2841
2687
2595
2535
2500
2504
2338
2247
2221
2059
1911
1728
1525
1442
1283
1154
1099
939
944
832
861
798
739
758
751
653
611
699
666
677
666
709
708
713
798
799
782
802
786
783
751
722
680
651
618
609
505
512
485
480
439
406
401
407
422
367
350
351
340
311
299
305
305
309
308
318
289
289
275
311
292
275
270
274
246
269
257
257
224
277
240
244
217
248
190
211
200
227
229
209
229
241
214
213
240
222
217
220
190
186
208
201
173
197
212
185
184
194
173
170
199
161
178
159
188
171
190
166
159
140
160
138
144
154
108
122
139
155
133
132
134
152
143
125
125
140
116
133
130
124
121
140
123
114
112
119
116
122
104
89
109
101
97
99
94
73
83
77
76
80
103
82
68
89
79
88
88
84
73
97
86
70
87
70
70
82
90
60
79
62
59
56
76
62
71
64
69
51
60
58
54
75
43
56
52
37
53
47
41
57
48
38
46
43
33
45
33
42
37
36
41
34
39
37
37
36
39
30
37
35
