0
0
0
0
0
3
3916
11542
10652
10301
10068
9310
8662
7816
7230
6676
6437
6086
5731
5544
5343
5099
4882
4613
4318
4195
3985
3804
3668
3356
3262
3155
3055
2836
2722
2703
2678
2649
2541
2428
2335
2267
2208
2172
2068
1879
1766
1610
1444
1298
1225
1133
1010
939
953
823
794
753
711
725
732
699
653
694
702
703
699
724
724
718
760
816
742
740
756
753
710
721
656
619
585
565
506
501
474
463
441
405
413
363
386
347
350
363
369
327
344
360
310
320
305
314
294
308
306
278
269
274
253
270
234
235
273
225
279
237
233
216
220
214
217
219
213
207
207
216
209
231
230
209
208
226
209
204
209
216
192
218
197
187
187
172
172
195
189
197
174
154
168
184
168
168
188
144
156
148
157
148
132
134
148
151
156
121
140
145
144
144
139
143
136
123
132
140
152
133
119
110
111
122
103
102
103
112
99
106
86
98
89
79
90
101
87
83
84
68
89
86
72
77
88
85
83
83
84
73
97
79
92
82
82
81
90
74
67
57
67
83
77
73
53
54
56
63
51
57
49
63
59
63
46
45
48
48
49
51
36
44
36
52
40
44
51
52
53
44
48
42
41
34
37
42
38
53
29
41
