0
0
0
0
0
5
3648
10225
8995
8317
7575
6927
6228
5766
5229
4968
4517
4353
3961
3856
3441
3291
3104
2772
2752
2587
2505
2428
2336
2227
2003
1944
1891
1775
1520
1436
1406
1320
1245
1232
1222
1135
1020
989
899
917
811
862
754
725
684
672
642
674
653
617
574
561
583
549
522
550
493
489
495
518
514
502
451
460
464
431
437
440
432
406
360
367
342
334
322
325
289
272
299
333
268
250
276
224
242
262
267
241
226
232
222
195
240
227
214
210
193
198
217
209
227
184
229
217
212
204
192
198
175
167
181
159
164
158
154
168
146
168
131
148
142
141
140
137
123
129
121
114
121
104
123
102
110
131
114
97
105
97
124
108
110
96
104
88
100
83
92
103
99
81
73
75
95
104
81
82
74
102
76
80
105
78
87
69
93
85
93
72
88
97
81
85
90
87
81
77
60
85
73
77
77
74
64
66
78
60
66
74
58
66
62
66
55
60
65
64
70
67
57
48
41
50
48
41
39
35
55
38
35
47
57
37
46
37
52
41
49
52
42
48
47
36
28
48
42
48
32
51
50
42
35
46
48
52
47
42
56
48
49
31
44
42
40
42
37
44
48
40
41
54
