0
0
0
0
0
1
3442
10283
9093
8164
7707
7126
6495
5912
5570
4864
4697
4304
4106
3750
3482
3228
3045
2881
2749
2633
2481
2409
2330
2199
2046
1926
1779
1701
1619
1490
1423
1337
1187
1160
1047
1033
1046
996
941
913
804
776
736
725
732
673
726
640
636
612
600
565
516
559
542
548
522
552
473
538
541
464
475
463
484
475
435
414
406
393
422
355
319
338
360
313
311
307
308
280
308
300
254
259
252
260
226
237
236
207
233
220
238
223
212
234
194
220
240
204
207
213
196
199
194
219
210
184
193
206
195
163
166
168
142
151
155
166
140
140
154
131
148
134
131
117
121
111
128
114
122
106
122
127
116
116
107
114
114
104
91
106
105
98
94
103
99
102
95
93
104
93
106
95
96
112
82
87
105
91
85
93
95
102
85
85
91
87
70
81
83
82
92
73
87
96
89
58
67
60
68
68
68
75
75
69
72
63
69
73
65
72
57
67
57
74
49
61
64
41
58
51
52
48
58
56
57
61
44
63
66
52
47
65
59
53
38
39
51
46
59
46
43
53
38
35
38
47
58
50
46
38
37
45
42
55
39
43
45
46
60
41
48
55
47
44
41
40
51
44
