0
0
0
0
0
1
3704
10779
9457
8752
8011
7506
6827
6235
5732
5278
4925
4535
4221
4099
3773
3530
3257
3151
2818
2854
2653
2481
2263
2180
2127
1863
1832
1848
1661
1606
1522
1496
1417
1341
1252
1286
1229
1180
1059
992
969
949
857
772
805
681
685
658
600
590
544
575
530
523
483
498
480
472
493
467
468
461
415
446
412
465
426
445
425
374
412
376
377
342
341
324
331
262
271
306
287
261
262
251
247
225
256
228
217
226
220
244
208
229
230
220
200
183
163
190
201
177
183
194
182
176
165
176
156
191
164
184
160
139
155
143
174
161
122
139
135
115
152
140
134
153
125
132
122
128
146
119
135
109
117
108
114
95
108
95
119
108
131
90
111
114
107
104
120
105
93
93
94
110
87
72
83
100
97
98
100
94
97
85
83
86
84
92
111
78
90
86
85
77
65
65
79
75
68
61
75
61
69
67
66
60
70
62
57
63
56
49
52
62
62
56
58
51
51
68
37
58
68
37
54
52
54
34
49
37
44
46
52
55
44
44
29
43
42
45
36
42
34
46
54
41
46
38
44
33
32
33
42
56
41
39
35
44
36
43
47
29
38
30
38
49
35
34
42
34
