0
0
0
0
0
1
3861
11282
9848
9396
8716
8105
7450
6654
6310
5731
5324
5163
4799
4399
4433
3997
3706
3586
3385
3226
3030
2895
2663
2734
2462
2335
2209
2258
1991
1890
1834
1785
1806
1646
1572
1484
1458
1397
1386
1289
1200
1117
1000
915
913
811
814
772
741
677
630
633
612
559
560
566
512
534
533
519
487
530
531
536
562
509
485
523
541
513
491
444
460
412
441
432
373
350
349
301
307
317
312
261
273
241
314
249
258
233
259
255
244
265
226
237
224
236
222
220
196
237
205
253
186
205
214
211
180
165
164
172
166
149
148
188
180
194
149
176
178
189
173
141
151
139
150
137
151
138
141
137
138
149
148
129
142
139
107
132
131
134
124
121
108
106
125
106
109
128
114
111
114
112
99
111
116
112
92
111
93
107
122
81
94
98
106
113
76
122
111
103
99
82
95
69
91
85
93
68
70
73
77
66
74
63
78
70
67
58
59
62
76
66
59
82
68
66
61
67
66
50
56
55
58
52
60
59
50
57
55
49
56
43
60
51
50
41
46
56
44
51
46
50
49
41
54
43
38
46
40
51
32
36
46
45
43
36
33
50
40
26
43
30
36
41
33
40
39
28
