0
0
0
0
0
0
0
0
0
0
0
0
0
0
0
0
0
0
0
0
0
0
0
2
19
130
1050
2344
2779
2638
2590
2446
2299
2234
2190
2222
2077
2048
1960
1945
1962
1817
1814
1703
1749
1713
1707
1630
1570
1577
1587
1512
1516
1379
1434
1380
1382
1228
1311
1194
1261
1228
1177
1179
1161
1172
1150
1079
1069
1051
1069
1067
948
989
921
929
907
954
916
910
866
863
825
803
789
776
777
761
740
731
708
725
610
667
663
675
648
604
588
618
554
611
578
536
534
545
547
569
516
555
497
476
478
498
473
505
427
454
444
433
424
398
393
380
429
383
409
413
372
396
384
381
351
375
293
335
311
330
314
315
324
305
322
310
315
280
277
259
266
293
286
273
242
270
253
252
256
260
236
243
240
245
242
242
248
217
215
215
198
221
192
219
224
198
204
206
191
206
184
179
179
182
197
186
185
195
182
157
168
189
151
184
173
167
174
172
168
158
166
138
166
167
159
162
156
137
153
129
148
135
141
142
120
118
125
129
128
129
133
111
144
130
109
91
120
137
130
128
134
102
113
108
118
129
114
101
128
101
117
120
97
126
118
115
116
100
114
105
89
97
117
73
95
107
105
89
96
104
92
118
88
96
81
78
97
88
84
84
92
95
79
98
79
86
80
93
106
69
83
76
64
90
88
66
63
77
70
72
62
98
69
80
82
70
87
74
74
70
65
73
69
65
79
66
79
69
69
66
91
71
70
73
70
68
73
65
58
66
64
58
61
71
68
79
77
68
57
70
65
76
58
55
59
69
54
55
60
69
54
47
53
73
53
60
48
46
40
45
53
47
71
47
66
52
50
56
56
40
42
56
56
55
53
54
36
48
35
58
53
49
41
57
50
49
44
54
39
49
56
48
50
44
47
46
46
46
56
42
59
51
39
60
40
40
60
43
37
50
48
37
38
37
46
51
53
47
55
47
42
44
47
31
48
41
54
36
36
36
37
32
45
32
40
29
45
35
45
37
41
39
51
31
40
29
36
42
32
29
50
48
43
38
40
43
35
35
28
27
40
31
37
39
37
33
40
35
32
45
30
21
37
35
39
46
32
34
38
22
30
26
37
31
33
32
27
41
28
35
47
32
33
31
36
29
35
30
37
33
28
35
30
36
35
37
37
44
35
32
31
32
32
36
35
30
22
34
23
33
41
26
36
28
30
25
30
23
35
23
23
29
24
21
24
29
29
28
25
44
24
29
24
27
29
22
28
23
18
19
29
21
25
31
21
37
13
28
21
31
20
31
22
14
21
28
22
21
29
30
27
30
27
19
25
18
23
12
34
23
28
18
19
19
21
21
30
23
24
24
22
26
27
19
25
19
20
25
18
27
26
37
16
27
17
23
19
24
24
20
21
16
17
24
14
22
25
28
22
20
19
13
17
21
31
19
16
17
22
19
16
18
26
14
27
23
25
13
20
17
19
29
27
16
16
27
22
22
18
20
19
22
14
17
22
25
14
13
22
20
20
23
20
26
27
17
22
13
19
19
18
24
19
23
18
22
21
20
12
17
20
26
9
23
20
18
28
12
23
17
23
16
16
17
18
14
25
16
27
20
20
19
16
17
23
26
16
16
25
21
19
24
20
21
17
22
22
18
14
12
13
15
17
13
12
8
14
19
12
14
18
22
20
23
13
24
13
14
15
14
17
18
16
18
19
21
17
20
13
17
10
24
14
16
10
10
18
9
16
14
12
16
15
11
8
14
13
17
15
13
13
16
15
15
11
12
10
12
10
12
17
10
14
9
13
10
10
11
10
8
8
10
17
9
11
10
12
11
15
14
17
12
12
14
11
11
14
10
14
6
10
10
12
6
14
15
17
11
10
12
14
14
10
8
15
11
13
11
17
9
11
13
14
18
12
10
10
13
7
16
20
11
10
7
12
14
15
12
13
17
9
11
15
8
9
8
11
3
12
13
9
7
12
11
3
11
14
8
4
12
12
11
11
9
6
14
8
11
8
7
9
5
16
9
7
7
14
11
12
10
9
7
12
11
9
10
6
8
9
13
9
9
7
8
6
6
6
8
9
8
5
7
11
5
5
3
9
12
10
8
9
7
5
7
15
9
14
11
7
10
11
11
12
8
4
12
10
8
10
5
10
8
12
10
5
14
7
6
6
4
19
10
9
8
7
16
8
7
7
10
9
11
5
11
10
5
6
7
11
8
7
14
6
7
7
9
8
13
11
9
6
4
3
8
9
9
6
5
5
5
10
11
9
9
8
6
9
16
10
4
12
11
6
9
11
7
11
9
15
9
10
4
5
6
9
6
11
9
12
16
5
8
8
10
8
8
12
7
6
6
6
10
11
3
6
8
