0
0
0
0
0
0
0
0
0
0
0
0
0
0
0
0
0
0
0
0
0
0
0
1
14
121
1072
2227
2573
2497
2418
2281
2201
2132
2142
2012
2039
1959
1984
1884
1848
1813
1787
1702
1644
1655
1674
1580
1569
1512
1403
1413
1419
1407
1354
1316
1284
1308
1230
1318
1250
1206
1183
1191
1090
1126
1115
1071
1049
1066
922
966
953
891
921
933
905
834
889
852
835
853
833
781
771
751
716
764
699
661
659
640
630
647
608
577
576
605
610
568
562
588
592
570
542
516
561
497
552
471
494
484
482
450
494
447
424
412
422
411
418
405
392
385
401
374
382
344
370
360
365
368
339
342
317
328
317
342
346
279
327
313
305
312
302
287
325
253
272
257
256
233
267
244
263
254
239
267
228
210
227
226
219
264
230
226
212
204
223
203
207
185
195
218
194
181
195
183
200
193
196
169
189
180
146
182
183
161
177
172
149
160
149
156
167
171
169
156
144
153
141
156
151
141
127
144
123
154
172
138
135
140
145
112
119
130
128
135
115
117
107
119
131
124
108
99
112
131
124
123
121
132
104
124
107
110
107
105
108
107
124
113
110
110
98
100
97
112
113
109
94
93
79
81
98
94
88
91
99
74
81
98
88
94
95
97
85
103
86
92
78
95
83
85
91
81
71
74
95
84
116
94
81
75
81
69
77
82
82
89
89
77
73
79
67
64
72
74
68
66
81
69
62
76
81
81
69
56
59
84
66
54
66
65
63
68
61
73
50
49
64
63
67
56
70
63
64
56
67
54
51
55
69
43
64
73
65
76
53
66
58
77
40
57
44
51
65
48
52
43
67
52
48
59
57
47
45
53
56
43
49
46
42
48
59
39
44
45
51
53
45
55
32
46
47
47
54
34
47
59
49
48
55
47
42
47
31
49
48
40
44
46
48
46
33
35
48
60
48
47
54
39
39
38
35
48
39
43
38
41
50
46
39
33
35
49
45
32
41
35
44
50
41
43
34
38
44
40
47
37
39
32
35
41
34
33
42
35
35
36
44
45
41
53
36
40
39
37
38
43
48
23
38
32
29
27
30
41
30
33
37
44
27
28
31
21
36
38
34
38
26
31
34
34
26
24
31
28
31
33
29
32
29
39
26
39
36
22
29
17
31
33
26
19
38
32
22
29
29
20
20
35
30
25
35
33
26
30
33
28
29
28
28
35
28
29
28
35
30
23
31
25
23
24
20
21
32
28
32
30
33
30
38
36
30
17
25
29
35
21
28
29
39
26
23
31
29
25
28
18
24
24
24
20
30
30
25
30
19
20
23
21
32
25
23
21
21
28
25
25
28
25
30
37
26
22
31
26
27
22
17
20
19
24
22
25
20
19
29
26
21
24
19
21
23
19
19
32
27
11
26
33
21
26
23
23
25
24
20
16
21
24
23
31
26
31
32
20
22
21
29
9
13
15
21
22
21
22
13
15
20
23
15
21
19
20
22
18
20
16
28
24
21
22
25
14
25
15
25
18
17
15
16
19
24
14
29
17
15
20
21
15
23
22
23
24
23
21
29
13
22
14
22
19
15
20
14
19
17
16
23
14
18
17
13
16
17
23
13
24
15
28
22
16
24
16
21
21
16
12
22
21
16
18
27
18
19
18
11
19
8
15
15
13
20
17
20
20
16
17
23
22
17
16
13
22
19
13
14
15
16
7
21
8
13
14
16
14
13
18
15
16
10
14
15
16
16
16
14
18
16
14
11
16
22
18
22
16
20
17
12
10
8
17
14
18
11
10
19
20
17
5
15
17
13
12
9
7
9
18
15
11
12
14
10
10
10
7
12
21
12
11
6
10
8
6
7
14
10
9
15
16
18
17
8
13
14
15
13
13
17
16
9
12
12
10
7
12
15
17
14
17
12
12
13
11
12
12
13
11
10
19
14
14
10
17
9
12
10
8
13
15
22
7
10
9
10
11
9
10
8
17
7
10
9
8
14
12
13
14
13
9
15
15
7
13
10
15
13
11
12
6
6
10
14
17
2
10
14
11
20
11
8
7
4
13
12
10
8
9
11
9
7
12
9
16
13
6
9
12
12
10
11
10
8
10
12
7
10
11
14
12
9
9
7
12
9
19
10
4
7
8
14
6
8
6
9
14
12
8
9
9
7
13
10
11
9
11
11
12
6
8
7
6
6
7
9
11
12
13
10
12
5
4
6
10
7
14
7
7
7
8
11
5
13
10
13
7
4
7
8
9
10
11
13
8
9
9
11
9
5
16
12
10
13
6
13
6
13
12
10
4
6
5
12
9
11
12
8
8
8
9
5
7
6
5
5
6
9
11
3
9
7
9
9
9
3
11
12
11
7
14
6
7
