0
0
0
0
0
0
0
0
0
0
0
0
0
0
0
0
0
0
0
0
0
0
0
5
32
149
1196
2678
3094
3131
2998
2821
2783
2753
2760
2652
2655
2579
2622
2612
2620
2558
2500
2451
2490
2383
2351
2237
2163
2220
2131
2185
1991
2042
2032
1927
1891
1844
1740
1841
1681
1702
1696
1660
1656
1591
1584
1552
1509
1565
1527
1508
1521
1516
1447
1395
1341
1381
1404
1327
1324
1334
1431
1329
1287
1274
1303
1275
1261
1288
1188
1221
1173
1195
1162
1094
1186
1209
1177
1149
1093
1065
1085
1050
1040
983
985
1000
950
954
925
953
984
911
926
882
912
905
835
920
848
840
825
854
839
809
787
821
778
765
756
767
782
739
766
718
760
796
706
712
690
644
669
696
737
710
664
730
670
672
672
673
619
665
661
650
668
613
660
594
618
626
600
656
634
614
635
621
571
601
607
559
587
533
539
588
546
561
554
560
542
503
545
469
484
486
489
452
428
453
440
407
361
390
387
387
363
379
337
363
332
322
298
331
310
282
276
286
267
282
280
270
266
235
228
210
246
265
239
194
222
190
199
221
211
203
239
208
210
206
169
213
201
181
175
182
202
198
183
175
197
184
197
173
174
170
152
157
145
167
146
153
158
182
176
183
153
166
169
178
184
158
151
184
165
165
187
149
186
175
179
169
187
148
200
173
159
184
191
179
205
221
190
182
203
187
202
207
204
202
178
198
207
211
198
186
193
215
185
193
191
205
200
187
197
192
191
171
190
181
169
182
158
191
168
163
174
152
156
169
166
158
149
145
133
176
157
143
117
143
114
131
127
132
135
118
120
125
131
109
120
118
119
123
112
107
107
113
94
107
104
101
85
98
107
111
99
113
105
90
110
115
89
108
94
92
84
97
96
85
99
70
97
77
81
96
86
81
92
81
72
78
80
81
75
71
80
73
75
80
74
76
68
69
100
68
80
73
80
76
87
67
80
74
71
77
91
79
84
69
60
76
67
78
71
73
67
77
60
71
84
75
66
86
67
72
72
81
65
74
61
75
78
64
68
60
82
62
62
68
56
69
62
59
69
74
55
71
76
63
70
48
75
64
52
66
56
57
63
48
68
59
75
75
69
53
68
50
63
60
51
70
65
52
55
45
62
61
56
69
48
47
50
45
49
56
52
54
57
53
46
44
61
52
58
56
51
63
56
59
59
43
56
51
50
51
69
59
70
56
51
64
61
44
54
55
57
56
49
51
63
68
54
55
60
64
48
50
56
61
45
55
62
51
61
46
42
43
54
51
53
49
38
46
48
51
46
63
52
48
37
64
44
44
40
45
48
46
45
58
51
47
64
50
42
41
51
51
50
45
36
53
44
58
40
52
45
35
47
46
44
45
41
40
56
42
46
55
42
40
37
42
50
43
42
43
30
39
45
45
40
48
45
55
47
39
42
43
49
50
48
43
48
49
33
36
33
37
47
42
29
43
32
36
33
42
37
48
38
33
36
31
40
29
41
34
37
39
39
39
23
29
30
26
31
33
19
39
35
31
46
27
39
42
31
43
35
27
34
37
27
46
28
31
37
36
28
33
43
45
39
25
40
41
33
29
34
30
27
34
30
33
30
32
38
19
49
34
34
28
26
28
32
33
39
29
28
34
38
30
31
32
35
26
34
23
30
34
40
33
38
29
27
34
39
23
31
30
21
32
30
22
29
31
25
31
29
34
24
36
24
32
33
33
23
33
24
22
34
24
21
22
25
21
29
28
33
19
24
25
30
22
25
22
30
20
20
15
28
36
19
30
22
23
25
16
15
17
21
16
22
24
19
17
21
20
24
17
14
21
21
24
19
16
29
31
24
19
20
20
28
14
14
16
21
17
20
22
24
23
19
21
24
15
21
20
24
23
16
25
23
24
16
32
18
18
14
24
18
17
24
23
22
28
21
11
29
25
21
18
11
20
20
22
25
20
19
15
16
20
15
14
20
21
15
21
29
17
21
28
25
16
10
17
14
19
19
18
24
18
12
19
18
13
14
17
16
12
9
19
12
16
20
26
13
17
12
19
14
17
24
7
23
17
18
13
18
15
23
16
17
13
11
14
12
14
18
10
16
16
18
14
18
8
21
10
14
9
12
28
17
18
9
12
13
9
19
12
13
12
12
17
16
7
10
7
15
5
13
13
9
18
12
9
13
13
7
11
16
7
10
13
15
19
13
8
13
14
11
11
7
9
16
11
11
8
9
8
16
10
8
8
9
8
11
15
13
6
10
8
13
2
9
10
12
11
7
6
12
12
6
12
12
6
14
11
6
10
5
6
9
14
12
7
7
13
11
8
10
8
10
9
8
10
16
6
10
4
9
10
13
7
10
7
6
7
7
8
7
15
7
12
10
6
