0
0
0
0
0
0
0
0
0
0
0
0
0
0
0
0
0
0
0
0
0
0
1
2
22
137
1145
2612
2917
2945
2912
2768
2722
2681
2665
2584
2652
2616
2595
2438
2540
2516
2468
2544
2392
2361
2295
2262
2273
2174
2115
2100
1988
1958
1919
1951
1824
1851
1796
1759
1766
1700
1557
1653
1657
1616
1571
1593
1558
1596
1472
1460
1469
1413
1449
1400
1421
1452
1325
1346
1340
1335
1316
1352
1293
1299
1226
1281
1285
1205
1152
1240
1183
1122
1153
1155
1145
1098
991
1084
1086
1123
1004
982
1013
1025
986
961
949
986
989
880
928
882
937
921
868
808
861
819
838
852
802
770
823
766
755
811
770
754
783
748
686
736
708
706
695
659
684
684
660
659
671
713
682
677
649
670
638
665
699
647
660
610
629
642
620
605
603
600
591
598
568
578
617
573
541
536
547
554
537
570
588
507
543
534
520
514
501
533
473
469
457
480
476
424
433
433
442
375
399
394
368
353
342
381
342
334
318
304
310
320
310
285
289
256
293
295
233
249
246
282
228
238
241
232
267
221
245
220
196
201
219
207
194
188
210
202
217
197
183
156
172
177
173
189
171
188
186
180
177
210
162
183
180
159
167
193
155
156
169
173
194
179
165
156
162
180
176
184
193
164
161
185
168
191
167
173
174
183
181
186
165
191
180
188
179
165
189
185
193
187
197
183
203
186
232
195
190
187
170
195
202
186
191
161
194
194
176
192
186
196
183
188
196
179
160
175
195
200
164
162
156
165
170
165
165
159
144
151
150
141
159
135
151
143
132
139
141
142
124
99
127
112
139
123
127
105
121
121
128
108
104
123
119
97
110
115
110
90
113
92
101
89
123
100
94
87
95
87
93
103
95
95
86
84
103
74
88
87
86
89
86
91
89
97
79
85
92
113
76
98
80
73
87
81
83
93
110
85
83
82
81
79
80
70
72
83
78
87
66
63
94
82
81
64
80
89
66
72
75
81
71
83
84
70
75
70
93
68
85
61
67
65
68
67
72
62
69
71
76
58
55
67
66
65
66
71
56
77
53
64
49
68
60
46
67
62
71
75
69
58
52
62
57
54
71
76
62
70
52
68
60
57
61
48
60
64
61
49
53
53
51
58
72
39
50
54
59
51
47
59
59
52
63
48
54
54
59
54
43
57
54
54
48
51
46
45
63
53
68
61
44
43
44
52
55
58
54
62
70
45
60
56
58
56
44
59
61
45
56
43
57
52
73
53
56
44
50
44
53
62
61
43
53
47
56
48
63
42
65
48
51
52
61
47
44
40
64
61
50
43
43
55
47
52
47
46
41
53
49
42
57
39
39
47
39
47
38
49
39
46
44
47
46
58
48
43
43
55
43
48
53
53
49
37
37
51
37
37
37
43
35
44
43
46
45
52
43
44
37
47
42
42
33
55
38
42
36
49
51
52
39
31
33
41
35
36
43
42
39
36
44
29
36
41
37
43
42
37
37
32
36
35
31
30
36
31
28
39
34
34
44
36
34
33
44
40
45
46
38
27
28
31
30
32
34
34
35
37
34
43
27
41
34
38
39
33
30
43
41
30
22
43
37
37
33
44
32
34
42
34
30
30
25
25
40
33
32
34
36
30
40
34
31
35
38
37
34
43
29
31
37
36
27
28
29
35
27
29
29
25
29
21
29
32
34
29
27
32
26
35
22
20
30
26
16
30
28
22
26
27
27
23
22
40
17
28
22
32
30
35
15
26
32
16
22
16
26
30
25
17
17
22
34
16
23
23
18
15
23
21
23
23
19
26
27
29
20
21
24
22
20
22
19
22
18
22
22
22
15
10
22
21
21
34
18
16
20
21
21
24
19
19
14
20
15
27
12
23
30
17
16
25
21
22
16
26
20
20
23
20
21
26
18
18
25
22
12
25
21
8
24
20
23
25
24
25
19
19
21
20
22
22
26
22
22
23
24
13
27
13
23
19
19
23
24
15
32
18
18
22
22
16
15
21
18
18
16
15
17
15
13
12
13
22
12
20
23
17
17
26
24
19
19
15
19
8
25
21
11
16
14
12
11
13
15
15
12
12
16
16
18
11
14
20
17
13
11
10
12
17
10
18
10
11
12
16
14
19
15
15
12
13
17
17
13
16
20
14
18
5
16
7
9
9
12
15
9
15
13
11
15
14
8
11
11
13
11
14
12
9
15
15
6
9
9
12
7
11
13
13
11
7
12
6
9
16
17
10
10
7
16
7
7
8
10
19
12
13
16
10
14
16
9
13
14
16
13
10
14
11
10
9
11
11
13
13
9
13
10
10
11
12
11
7
11
7
5
11
7
13
8
9
13
13
7
9
11
14
4
9
14
11
13
15
9
8
7
5
12
10
7
12
