0
0
0
0
0
0
0
0
0
0
0
0
0
0
0
0
0
0
0
0
0
0
0
5
27
152
1095
2374
2661
2577
2482
2505
2447
2237
2151
2160
2141
2052
2076
2048
2013
1913
1881
1768
1781
1766
1733
1647
1605
1544
1596
1483
1493
1413
1469
1391
1313
1285
1334
1297
1296
1229
1218
1225
1164
1144
1093
1116
1174
1076
1043
1060
1029
974
976
982
996
965
979
916
891
833
857
860
832
828
828
803
807
759
788
750
727
678
699
668
711
702
677
662
652
676
624
635
638
654
587
626
604
627
586
611
601
585
567
583
571
598
532
526
519
525
509
450
496
493
475
480
515
479
451
446
466
467
420
422
404
365
387
364
342
363
361
370
345
347
360
354
328
347
307
338
299
331
327
288
337
315
282
298
311
299
316
296
303
294
266
272
252
243
247
278
251
250
248
240
241
193
227
238
229
222
235
231
203
202
206
200
221
194
226
221
189
178
199
188
177
181
180
187
170
181
180
153
201
159
159
153
173
151
144
174
159
169
167
179
131
186
180
156
157
140
169
151
138
141
148
147
136
134
153
138
149
151
142
141
135
136
131
147
138
137
119
128
142
141
140
127
134
120
119
120
125
114
126
124
122
120
118
135
147
118
122
131
143
128
134
109
129
118
124
131
114
101
120
116
116
111
113
120
125
122
102
115
109
89
131
102
133
97
114
93
118
124
98
100
112
104
102
114
99
110
102
95
77
104
89
90
103
100
76
88
74
101
90
77
77
90
78
89
82
73
95
72
83
79
85
78
75
79
70
65
54
79
66
73
79
60
86
74
77
86
86
84
72
70
62
64
61
66
62
61
74
69
67
66
57
61
56
50
65
60
61
56
60
77
61
64
68
50
76
73
56
69
52
64
48
57
63
58
63
48
59
62
58
51
60
53
52
52
49
42
55
61
59
65
53
60
63
51
60
43
62
49
53
51
43
63
42
48
54
49
50
44
46
58
52
55
54
56
47
51
65
46
60
57
46
64
41
46
53
44
50
61
60
58
49
48
68
52
48
70
49
45
63
43
49
49
57
52
34
49
46
56
42
54
40
42
52
41
50
40
43
34
56
41
39
45
39
45
33
42
44
42
43
35
44
42
44
28
49
32
37
36
42
47
37
42
37
41
40
28
46
42
40
40
29
32
34
36
44
31
38
35
37
32
31
42
30
30
35
46
37
43
29
31
33
38
37
29
25
38
29
31
39
28
37
25
33
29
32
27
21
34
31
28
37
31
29
24
25
26
22
31
23
32
32
36
26
22
34
20
29
29
21
31
31
31
31
38
32
26
30
26
21
25
24
27
30
25
27
23
24
26
26
21
27
45
21
31
26
27
23
32
27
30
28
25
20
31
28
17
25
26
27
26
18
19
27
24
25
24
29
22
19
19
20
25
30
20
21
21
26
21
31
25
20
30
26
23
18
23
22
18
17
18
19
19
17
20
19
19
26
22
25
22
29
28
23
24
23
20
20
18
22
24
16
20
21
22
12
19
24
27
24
27
21
18
21
16
29
18
19
14
19
32
28
26
14
18
24
22
23
24
17
23
14
16
19
20
30
20
28
15
25
14
19
27
24
19
22
28
14
17
23
18
21
22
26
19
28
27
22
20
27
14
20
20
20
20
20
25
27
26
22
15
18
26
21
22
23
21
20
17
18
25
14
20
16
15
11
18
29
17
21
18
17
16
16
24
19
16
14
28
19
26
14
18
21
17
16
20
25
12
12
15
14
21
18
13
19
16
21
22
11
15
25
9
17
18
12
19
14
17
20
23
14
14
16
14
12
17
16
21
17
15
13
17
13
9
29
15
15
19
12
9
19
17
13
11
20
14
17
14
15
16
15
18
13
19
17
21
26
12
13
16
13
14
15
15
16
12
8
12
9
11
7
14
10
12
14
14
15
8
12
13
7
12
5
17
8
11
7
13
13
10
3
9
11
14
16
14
11
16
5
6
11
7
9
8
17
13
11
6
18
14
13
12
9
11
10
7
8
12
12
14
12
8
7
10
13
19
11
9
17
6
13
5
9
15
11
14
14
13
9
16
8
14
10
10
9
13
14
12
6
17
11
13
7
9
14
6
6
5
8
9
16
14
8
10
13
10
8
11
10
13
10
15
8
8
9
7
15
9
11
16
14
14
13
9
11
11
9
11
7
9
9
10
14
12
7
13
13
10
13
12
14
13
11
14
12
9
18
8
11
9
5
17
12
15
12
17
15
14
12
7
13
10
13
13
8
11
5
7
9
8
17
10
12
16
8
6
7
9
16
8
16
10
11
5
11
7
9
10
9
8
11
16
18
10
9
11
11
8
15
6
7
5
20
9
12
16
15
11
