0
0
0
0
0
0
0
0
0
0
0
0
0
0
0
0
0
0
0
0
0
0
0
1
29
134
1024
2255
2661
2627
2549
2446
2335
2357
2232
2169
2078
2094
2018
1974
2021
1962
1904
1820
1915
1710
1788
1713
1712
1627
1607
1549
1552
1500
1421
1439
1432
1392
1406
1340
1243
1279
1160
1182
1236
1213
1134
1114
1120
1020
1106
1058
1029
1051
1018
1008
964
901
978
907
943
881
839
819
784
835
814
795
806
776
721
742
758
714
704
705
712
639
678
720
653
688
660
632
607
609
626
639
610
611
611
577
622
557
565
586
580
570
524
525
539
520
516
471
516
475
464
471
448
424
448
459
423
468
401
409
424
414
399
382
378
381
380
351
364
375
345
339
357
339
325
316
309
315
289
274
315
281
282
282
272
265
273
237
251
279
258
245
261
269
262
254
254
241
257
244
230
268
218
225
225
235
239
214
222
218
185
179
179
187
193
217
186
196
180
174
180
180
186
179
176
206
176
174
167
181
175
150
184
203
172
167
155
141
176
168
174
165
164
133
151
145
152
164
136
147
172
145
147
138
135
145
115
146
127
128
170
128
131
130
130
146
139
127
159
136
130
123
134
124
140
124
138
138
140
136
129
118
109
117
122
141
130
145
137
146
123
135
100
120
112
132
133
119
118
105
116
132
106
109
126
110
125
123
119
105
122
129
117
122
102
94
108
107
107
92
99
112
104
91
86
95
93
119
113
92
116
101
90
91
86
88
76
92
81
70
93
75
84
86
91
79
88
102
87
77
76
73
72
81
75
83
72
85
72
78
83
82
60
83
55
84
69
72
85
69
78
76
81
83
66
70
57
71
66
60
69
55
63
72
67
57
72
56
61
62
72
65
53
58
50
65
69
53
58
57
60
61
49
66
50
61
52
44
63
58
47
65
58
57
60
45
62
68
59
49
60
54
52
57
52
55
59
46
76
45
60
53
45
47
46
56
57
48
65
50
59
68
62
51
44
50
62
48
60
63
39
45
52
66
52
43
57
51
43
45
45
49
52
53
40
49
53
52
56
54
57
52
48
50
60
52
50
50
34
50
51
51
39
52
55
40
70
41
35
45
62
53
43
48
35
37
47
44
42
33
42
30
48
48
36
36
32
38
41
38
32
40
41
39
45
30
31
51
45
39
40
34
32
34
39
32
36
33
42
42
29
41
29
37
36
29
40
31
38
39
39
27
37
31
34
28
30
39
24
29
24
40
34
30
28
29
22
33
27
29
24
35
34
35
33
16
31
34
35
27
33
27
32
23
21
30
25
27
40
30
33
28
38
28
25
25
40
26
31
24
32
29
26
26
37
18
31
27
28
28
23
34
28
29
32
27
21
24
28
21
25
17
33
18
27
28
23
22
29
31
22
21
27
28
20
26
23
25
21
24
31
27
28
25
22
24
31
22
33
16
29
24
22
20
19
28
23
23
27
27
28
22
32
20
22
19
22
33
29
22
25
17
27
26
29
19
26
22
22
31
27
32
19
23
21
19
22
21
21
23
22
26
31
26
21
22
24
24
14
22
27
22
25
21
22
25
22
24
29
20
28
33
26
15
14
23
20
28
24
17
20
24
21
22
23
25
23
16
23
25
20
24
12
14
16
21
19
25
25
19
23
16
17
17
27
21
24
26
22
20
22
14
16
21
24
14
24
25
29
25
22
20
20
31
21
17
15
13
17
13
15
20
17
15
17
15
13
15
21
23
11
13
18
14
15
21
15
11
20
22
19
25
14
17
19
16
22
18
14
16
22
17
19
17
15
21
18
14
17
14
24
15
13
17
18
22
17
16
17
14
15
19
23
14
25
10
18
14
9
16
19
18
13
17
18
14
13
12
18
16
20
20
9
20
11
9
7
17
21
16
19
16
16
13
10
10
11
10
14
14
12
18
10
12
17
12
16
13
15
8
16
12
9
11
10
17
15
16
10
11
21
14
11
10
19
17
22
13
14
12
10
12
7
15
13
17
17
16
14
20
18
14
17
15
9
11
10
10
7
20
13
15
18
19
16
15
13
15
9
14
15
15
7
12
14
5
12
13
5
9
11
13
14
13
10
15
11
10
11
20
14
14
7
23
7
9
7
10
12
14
17
12
10
14
15
7
13
3
8
7
14
6
6
14
8
10
7
15
15
10
12
14
15
17
11
12
11
16
14
6
11
15
10
9
8
11
4
11
10
12
13
10
12
10
13
13
7
9
15
9
14
17
10
9
12
8
8
10
15
10
8
13
7
17
12
11
12
11
13
11
16
20
6
14
13
8
17
11
14
6
15
20
9
11
10
11
9
17
14
8
11
11
12
14
10
5
6
12
11
11
12
16
14
9
8
12
11
13
