0
0
0
0
0
0
0
0
0
0
0
0
0
0
0
0
0
0
0
0
0
0
0
1
31
177
1072
2424
2803
2768
2627
2581
2418
2420
2365
2254
2268
2210
2162
2112
1995
2074
1927
2015
1990
1857
1844
1815
1809
1736
1652
1630
1539
1580
1547
1569
1498
1410
1430
1394
1286
1335
1332
1325
1238
1267
1255
1165
1181
1171
1095
1088
1091
1053
1050
1027
1087
970
1046
996
969
950
952
902
928
933
825
844
785
810
846
816
836
776
839
700
725
723
713
657
726
690
694
744
676
704
618
655
622
577
629
653
580
576
541
566
568
546
522
544
521
518
556
532
477
469
487
430
466
475
446
445
452
478
466
452
446
403
403
409
448
398
385
375
406
354
405
357
402
356
370
368
378
355
347
337
348
334
338
321
313
307
320
312
330
341
313
302
304
331
329
265
283
292
321
284
253
283
253
270
239
267
244
242
236
235
230
268
237
226
259
227
187
232
219
219
187
184
189
212
189
195
214
207
164
187
180
150
156
182
171
176
170
180
138
170
125
168
145
162
150
149
146
145
142
124
139
139
120
145
158
152
117
140
137
136
143
125
126
129
109
129
124
121
125
124
109
140
118
121
114
127
115
124
114
119
124
123
131
115
122
106
107
132
122
119
117
110
102
125
115
119
120
94
112
89
102
98
130
116
103
93
104
112
117
128
113
107
95
121
100
110
130
103
100
112
90
115
104
116
90
101
95
88
99
101
100
112
89
104
87
96
87
99
90
101
94
90
81
77
73
98
91
79
86
77
77
84
80
89
85
77
71
65
46
80
79
64
60
68
87
72
81
66
69
80
69
69
72
59
66
64
72
73
56
61
66
55
64
66
59
62
66
60
64
63
45
53
74
66
51
65
47
68
55
58
62
55
58
42
62
49
54
61
69
55
46
50
71
64
54
55
51
39
54
64
65
59
48
57
47
56
68
59
64
52
50
54
53
55
45
47
48
41
48
46
44
48
40
31
51
43
48
48
47
57
48
49
47
51
42
37
42
43
54
44
53
42
44
55
41
49
52
40
45
43
40
48
54
38
41
32
49
49
47
31
42
37
37
40
59
39
46
47
39
45
46
34
42
39
50
53
37
44
42
37
36
38
42
23
44
32
34
45
40
26
38
39
51
41
45
37
32
49
39
41
37
29
30
26
35
37
33
34
35
25
33
42
29
25
24
37
40
24
46
42
41
25
32
42
39
27
37
31
51
28
40
34
36
32
31
26
34
34
28
36
25
25
36
36
36
34
30
28
44
33
35
34
35
25
26
33
37
32
33
33
21
32
29
27
27
29
26
35
24
27
28
29
32
30
29
23
30
28
17
20
25
19
37
27
30
24
20
21
25
35
31
28
16
34
30
28
34
40
26
31
29
16
24
21
30
26
21
34
34
24
30
26
22
26
26
33
27
27
24
26
26
36
30
28
25
20
34
26
21
21
27
24
22
19
24
28
25
25
19
25
28
28
22
32
22
22
22
21
14
21
21
16
16
32
18
17
24
26
33
17
23
20
28
26
28
18
32
20
26
27
28
19
28
22
27
17
22
21
27
27
20
22
23
20
25
24
15
19
20
21
26
19
18
27
19
20
22
22
23
25
29
30
28
24
15
25
15
23
23
15
29
23
17
22
26
21
11
26
22
26
20
21
16
20
18
18
10
19
20
12
19
14
21
14
23
21
19
12
21
23
20
12
17
19
17
13
15
16
19
22
17
17
17
17
10
17
19
16
18
16
14
11
19
23
12
21
15
18
21
15
14
10
16
20
13
21
15
18
15
14
15
16
17
9
14
19
14
16
11
12
10
23
13
16
7
13
13
13
17
9
13
14
23
12
21
12
13
16
13
20
9
14
13
13
13
19
15
8
17
11
17
9
18
7
15
22
14
17
10
5
10
12
14
17
13
14
16
19
20
13
8
13
7
9
10
12
14
18
11
11
14
16
11
12
13
18
7
5
12
10
7
15
15
12
10
9
11
7
15
10
8
11
12
8
13
13
17
14
10
11
16
10
15
14
9
7
16
12
9
15
11
9
8
8
5
8
9
10
11
13
10
8
13
11
14
11
10
10
12
6
9
9
7
12
12
11
10
7
11
6
11
15
10
10
12
15
15
12
13
8
13
7
9
9
15
13
11
11
6
10
15
8
11
10
7
9
7
10
6
11
6
9
6
9
9
9
12
17
5
8
15
14
12
15
11
7
14
9
9
10
10
10
9
11
8
7
8
12
12
12
10
12
3
11
12
12
12
7
14
12
8
13
9
7
5
8
5
10
12
11
6
7
9
8
8
8
8
14
8
13
16
12
6
10
11
8
8
10
9
7
10
8
11
13
9
14
7
4
