0
0
0
0
0
0
0
0
0
0
0
0
0
0
0
0
0
0
0
0
0
0
0
1
25
167
1191
2478
2952
2931
2809
2590
2569
2518
2410
2351
2337
2384
2329
2346
2318
2223
2125
2050
2105
2029
2051
1920
1907
1834
1839
1870
1761
1672
1644
1577
1562
1567
1623
1558
1494
1419
1438
1380
1353
1363
1333
1275
1331
1259
1276
1297
1250
1196
1186
1167
1109
1061
1123
1106
1141
1153
1095
1044
1008
998
1019
972
911
969
924
902
868
919
890
909
861
837
905
782
818
809
822
777
767
771
773
719
705
715
745
730
698
659
658
648
668
702
662
702
604
630
608
620
621
580
593
541
543
591
562
513
570
562
571
555
499
515
505
472
465
489
479
457
482
465
442
445
448
456
472
409
485
452
441
428
414
399
439
394
365
418
391
398
357
400
343
384
392
351
343
372
344
316
384
353
353
350
358
325
331
337
329
292
328
298
294
280
270
277
275
295
262
249
242
247
229
217
244
225
241
223
240
209
204
189
226
192
211
209
188
206
209
182
211
170
196
175
179
191
167
186
167
157
164
163
149
154
157
175
149
152
153
166
137
156
140
136
152
131
142
141
135
142
137
137
147
145
133
132
127
120
128
133
128
145
141
115
133
144
126
115
138
140
122
124
125
116
129
126
144
131
135
132
126
138
147
121
129
139
158
126
142
136
114
114
138
143
105
130
121
129
130
140
118
135
141
124
123
153
134
122
111
146
130
108
115
138
124
111
93
116
133
113
108
106
115
108
95
94
113
100
132
96
111
99
101
121
108
89
82
94
85
88
86
91
99
79
80
91
70
83
77
71
71
82
68
86
88
80
69
80
75
88
73
76
62
67
70
62
67
80
68
58
62
66
60
53
71
66
88
89
61
65
63
60
68
50
79
61
67
63
54
49
70
59
55
75
66
61
52
76
63
66
65
50
77
60
78
50
55
48
67
56
68
49
72
48
55
59
63
47
65
59
64
48
49
58
63
52
56
47
50
67
43
50
54
49
55
62
58
62
44
54
45
62
46
78
69
60
49
38
54
45
41
48
49
67
62
57
49
46
50
53
57
51
48
40
50
42
38
47
32
48
38
42
40
44
49
42
40
41
28
46
42
50
30
42
44
33
36
39
38
35
53
45
54
36
52
44
48
36
50
44
54
46
34
40
35
40
38
48
43
47
35
33
56
54
52
54
41
42
43
48
51
31
45
32
40
24
38
43
31
39
35
42
25
37
38
45
33
34
30
38
34
35
34
39
44
34
35
34
28
41
41
35
31
34
29
38
35
35
34
33
44
27
32
37
32
48
40
35
39
34
25
34
32
38
41
31
32
38
37
41
27
34
20
28
32
27
25
30
37
40
28
36
36
31
33
32
38
31
33
16
42
33
26
36
32
27
27
32
21
28
25
40
21
20
30
38
29
28
26
25
20
35
35
31
21
22
33
25
36
34
32
22
30
30
25
30
22
34
26
29
34
25
30
23
37
22
32
19
22
26
32
27
21
31
32
16
38
30
26
30
25
31
21
23
21
27
26
28
26
31
25
23
23
22
27
28
33
19
29
31
26
36
14
15
24
28
28
20
26
20
20
24
29
25
29
25
27
25
33
21
27
32
22
18
20
16
28
32
27
35
33
27
24
27
30
25
24
24
22
24
30
23
20
23
16
23
29
30
14
22
17
16
20
16
15
32
27
17
22
16
23
24
21
29
18
25
10
22
10
26
18
16
19
17
15
19
15
24
20
15
20
22
25
15
13
13
19
20
18
17
12
14
20
17
15
20
22
21
13
14
24
19
16
19
20
12
11
14
13
20
17
15
17
10
16
14
14
18
23
25
14
14
13
18
23
12
13
10
16
20
25
21
18
18
14
17
21
16
9
19
19
19
13
21
13
14
16
16
19
16
13
20
17
16
12
10
13
15
9
15
15
17
20
10
17
8
15
11
15
17
9
16
9
18
19
12
19
10
13
13
13
20
12
11
13
14
15
17
12
13
12
12
11
20
18
10
11
10
13
11
19
13
11
12
11
9
17
18
9
16
12
12
12
15
14
13
7
16
14
8
6
13
10
11
12
13
15
17
9
15
13
10
12
9
8
20
12
11
12
9
15
10
11
18
9
12
7
14
12
16
7
15
6
13
20
8
11
15
10
8
13
12
6
13
8
11
12
11
10
13
8
13
8
11
12
9
12
18
8
8
9
7
5
14
7
10
8
17
12
9
21
6
13
5
12
13
9
9
10
7
11
8
9
12
6
6
10
19
10
11
11
11
6
12
8
6
5
7
6
16
12
9
5
11
7
7
6
11
13
6
12
10
6
13
16
3
6
8
11
8
13
8
6
11
11
11
11
6
5
6
